100
 1 2502505
 587 233 220
 5
 1 103 1 78 1 29 0 25
 2 112 0 26 1 44 1 6
 3 85 0 57 1 90 1 20
 4 79 0 28 1 32 1 13
 5 97 0 71 0 122 1 16
 2 2502605
 587 233 220
 5
 1 51 1 21 0 24 1 22
 2 49 0 39 1 59 1 24
 3 76 0 67 1 106 1 25
 4 68 1 60 1 94 0 26
 5 115 0 26 1 51 1 21
 3 2502705
 587 233 220
 5
 1 94 0 84 0 27 1 26
 2 101 0 79 1 38 0 31
 3 108 1 36 1 45 0 37
 4 50 0 41 1 63 0 39
 5 106 1 27 0 29 0 43
 4 2502805
 587 233 220
 5
 1 115 0 90 1 33 0 37
 2 39 0 28 1 53 1 40
 3 32 1 29 1 55 1 40
 4 95 1 32 0 39 1 36
 5 90 1 32 1 61 0 50
 5 2502905
 587 233 220
 5
 1 86 0 41 0 52 1 25
 2 99 1 38 0 54 0 24
 3 91 1 45 0 81 0 18
 4 78 1 70 0 103 1 20
 5 79 0 35 1 41 1 30
 6 2503005
 587 233 220
 5
 1 81 1 44 1 86 0 39
 2 85 1 35 0 45 0 27
 3 54 1 38 1 69 1 30
 4 61 0 52 0 75 1 17
 5 75 0 39 1 80 1 26
 7 2503105
 587 233 220
 5
 1 114 1 49 1 83 1 28
 2 89 0 30 0 34 1 29
 3 58 1 54 1 62 1 27
 4 44 0 34 1 41 1 35
 5 58 1 43 0 66 0 43
 8 2503205
 587 233 220
 5
 1 58 1 58 1 79 0 18
 2 36 0 29 0 59 1 24
 3 76 1 77 0 35 1 29
 4 97 1 77 0 103 1 19
 5 44 0 33 1 55 1 40
 9 2503305
 587 233 220
 5
 1 70 1 65 1 95 1 14
 2 80 1 79 1 28 1 29
 3 93 1 89 0 40 1 18
 4 79 1 52 1 83 0 22
 5 51 1 45 1 71 1 33
 10 2503405
 587 233 220
 5
 1 70 0 64 1 32 1 31
 2 116 0 27 1 34 1 31
 3 78 0 61 0 91 1 35
 4 46 0 35 0 63 1 28
 5 44 1 35 1 52 0 54
 11 2503505
 587 233 220
 5
 1 64 1 59 0 73 0 22
 2 68 0 61 1 25 1 12
 3 81 1 58 0 102 0 26
 4 113 0 42 0 75 1 23
 5 120 1 54 1 22 1 14
 12 2503605
 587 233 220
 5
 1 83 0 55 1 95 0 23
 2 110 1 85 1 23 0 17
 3 118 0 41 0 43 1 10
 4 78 1 56 0 101 1 15
 5 58 0 62 1 112 1 19
 13 2503705
 587 233 220
 5
 1 51 1 25 0 35 0 55
 2 62 0 21 0 36 1 52
 3 103 0 36 1 58 1 35
 4 83 0 38 0 55 1 31
 5 102 1 35 0 61 1 56
 14 2503805
 587 233 220
 5
 1 67 0 32 0 48 1 21
 2 84 1 63 0 101 1 15
 3 82 0 47 1 22 1 18
 4 79 0 62 0 111 1 15
 5 76 1 66 0 89 1 22
 15 2503905
 587 233 220
 5
 1 95 1 38 1 43 1 22
 2 79 0 55 1 91 1 23
 3 60 1 40 1 63 0 27
 4 81 0 39 1 61 1 30
 5 69 0 53 0 84 1 25
 16 2504005
 587 233 220
 5
 1 40 0 39 1 44 0 29
 2 95 1 40 1 73 1 31
 3 65 0 48 0 65 1 27
 4 95 0 39 0 56 1 40
 5 71 0 69 1 26 0 44
 17 2504105
 587 233 220
 5
 1 75 1 34 1 50 1 21
 2 68 1 48 0 77 1 21
 3 76 1 22 1 30 1 27
 4 79 0 82 1 115 0 18
 5 62 0 64 1 75 0 24
 18 2504205
 587 233 220
 5
 1 102 0 30 1 57 0 20
 2 89 1 77 1 96 1 15
 3 87 1 91 0 42 1 13
 4 61 0 63 1 93 0 22
 5 52 1 40 0 82 0 26
 19 2504305
 587 233 220
 5
 1 59 1 27 1 44 0 27
 2 44 0 41 0 68 1 24
 3 72 1 66 1 99 1 27
 4 43 1 41 1 61 0 27
 5 81 1 42 0 80 1 35
 20 2504405
 587 233 220
 5
 1 81 1 67 0 97 1 22
 2 66 0 72 1 78 0 23
 3 105 1 53 0 24 0 24
 4 95 1 20 1 35 0 19
 5 89 1 34 0 55 0 33
 21 2504505
 587 233 220
 5
 1 89 0 74 1 114 0 14
 2 93 1 66 0 32 1 17
 3 120 0 35 0 44 1 23
 4 76 0 60 1 98 1 12
 5 113 1 87 0 34 1 19
 22 2504605
 587 233 220
 5
 1 77 1 50 1 90 0 22
 2 66 0 45 1 76 0 13
 3 98 0 38 0 69 1 30
 4 57 1 41 1 63 0 23
 5 93 0 72 0 105 1 12
 23 2504705
 587 233 220
 5
 1 82 0 80 0 22 1 32
 2 76 1 66 0 115 1 17
 3 80 0 24 1 49 1 18
 4 39 0 21 1 42 0 22
 5 97 1 96 1 47 0 30
 24 2504805
 587 233 220
 5
 1 118 0 78 1 30 0 16
 2 65 1 59 0 101 1 18
 3 57 0 46 1 61 1 19
 4 97 0 64 0 103 1 16
 5 101 1 86 1 23 1 27
 25 2504905
 587 233 220
 5
 1 78 0 34 1 52 0 41
 2 110 0 51 0 59 1 22
 3 64 0 42 1 69 0 32
 4 69 0 43 1 78 1 30
 5 79 0 62 1 27 0 32
 26 2505005
 587 233 220
 5
 1 88 1 43 1 70 0 38
 2 59 1 61 0 75 1 32
 3 103 0 80 1 26 1 29
 4 62 0 23 1 40 1 30
 5 72 0 31 1 36 0 43
 27 2505105
 587 233 220
 5
 1 122 1 49 0 63 0 25
 2 99 1 54 1 25 1 22
 3 85 1 50 1 91 1 20
 4 101 1 42 1 69 1 21
 5 78 1 35 1 63 0 22
 28 2505205
 587 233 220
 5
 1 59 1 51 1 59 0 23
 2 51 0 52 1 53 1 18
 3 68 0 64 0 103 1 25
 4 101 0 47 1 78 0 23
 5 53 0 39 1 51 1 35
 29 2505305
 587 233 220
 5
 1 59 0 56 1 92 0 31
 2 76 1 53 1 97 1 28
 3 108 1 28 1 46 0 34
 4 75 0 26 1 45 0 36
 5 40 0 28 0 42 1 39
 30 2505405
 587 233 220
 5
 1 65 0 32 1 56 0 37
 2 43 1 27 0 52 1 45
 3 34 1 32 0 48 1 27
 4 67 1 60 0 113 0 39
 5 66 1 32 0 44 0 42
 31 2505505
 587 233 220
 5
 1 62 0 48 1 68 1 33
 2 53 0 50 1 84 0 26
 3 86 0 43 0 71 1 23
 4 79 0 38 1 50 0 31
 5 113 1 40 1 47 1 32
 32 2505605
 587 233 220
 5
 1 95 1 43 0 74 0 32
 2 81 1 33 0 48 0 30
 3 72 1 32 1 51 1 27
 4 97 0 27 0 52 1 31
 5 103 1 53 0 80 1 21
 33 2505705
 587 233 220
 5
 1 37 1 21 1 40 0 19
 2 75 0 30 1 47 0 25
 3 53 0 50 1 60 1 22
 4 81 1 66 1 118 0 24
 5 60 0 52 1 99 0 26
 34 2505805
 587 233 220
 5
 1 70 1 26 0 37 1 26
 2 119 1 43 1 58 0 30
 3 72 1 69 0 38 0 28
 4 59 0 50 1 85 0 33
 5 85 0 33 1 56 1 37
 35 2505905
 587 233 220
 5
 1 97 1 33 0 35 0 21
 2 82 0 44 1 66 0 28
 3 94 1 88 1 32 1 37
 4 40 1 32 1 57 1 24
 5 74 0 58 1 76 0 29
 36 2506005
 587 233 220
 5
 1 40 0 25 1 42 1 23
 2 112 0 33 1 42 1 12
 3 75 1 51 0 94 1 34
 4 94 1 72 0 118 0 13
 5 65 0 45 1 65 0 24
 37 2506105
 587 233 220
 5
 1 97 1 42 1 73 1 21
 2 60 0 37 1 60 1 16
 3 71 0 62 0 105 1 22
 4 80 1 52 1 87 0 23
 5 65 1 61 1 25 0 32
 38 2506205
 587 233 220
 5
 1 100 0 51 1 97 0 25
 2 106 0 89 0 36 1 15
 3 121 0 34 1 43 1 18
 4 57 0 31 1 61 1 26
 5 62 1 50 0 74 1 28
 39 2506305
 587 233 220
 5
 1 58 1 47 1 91 1 55
 2 36 1 34 0 51 0 65
 3 56 0 25 1 34 1 40
 4 77 0 35 0 40 1 47
 5 41 1 37 1 74 0 48
 40 2506405
 587 233 220
 5
 1 79 0 61 0 83 1 13
 2 90 0 31 1 63 0 20
 3 79 1 45 1 83 1 19
 4 93 0 55 0 100 1 22
 5 78 0 79 1 32 0 22
 41 2506505
 587 233 220
 5
 1 76 1 71 0 111 0 19
 2 87 1 30 1 43 0 19
 3 56 1 36 0 63 0 19
 4 79 0 33 1 67 0 20
 5 116 1 51 1 78 1 23
 42 2506605
 587 233 220
 5
 1 72 0 51 1 73 1 30
 2 84 0 29 0 40 1 30
 3 56 0 46 0 67 1 30
 4 72 0 36 0 57 1 39
 5 104 0 81 1 29 0 33
 43 2506705
 587 233 220
 5
 1 80 1 69 1 82 0 16
 2 64 1 27 1 38 1 16
 3 74 1 80 0 33 0 17
 4 98 0 38 1 59 0 28
 5 86 1 67 0 95 1 22
 44 2506805
 587 233 220
 5
 1 112 1 66 0 26 0 30
 2 95 1 77 0 26 1 31
 3 87 1 86 0 36 1 26
 4 97 1 37 0 69 0 22
 5 90 1 45 0 83 1 17
 45 2506905
 587 233 220
 5
 1 62 0 32 1 58 1 24
 2 114 0 24 1 43 0 46
 3 69 0 58 0 95 1 26
 4 79 0 42 0 77 1 25
 5 93 0 74 1 20 0 41
 46 2507005
 587 233 220
 5
 1 88 1 36 0 61 1 16
 2 75 1 67 0 21 1 20
 3 109 1 53 0 75 1 23
 4 56 1 58 1 106 1 18
 5 66 1 58 0 97 0 23
 47 2507105
 587 233 220
 5
 1 119 0 40 0 54 1 28
 2 108 1 94 1 19 0 38
 3 122 1 36 0 40 1 36
 4 80 1 40 0 38 0 26
 5 102 1 33 0 57 0 31
 48 2507205
 587 233 220
 5
 1 47 0 47 1 60 1 18
 2 63 1 45 0 81 0 27
 3 98 1 38 1 56 0 29
 4 94 1 48 0 78 1 35
 5 69 1 26 0 47 0 37
 49 2507305
 587 233 220
 5
 1 88 1 45 1 55 1 18
 2 76 1 74 1 105 0 17
 3 75 1 48 1 77 0 19
 4 78 0 58 0 106 1 18
 5 38 1 32 0 50 1 36
 50 2507405
 587 233 220
 5
 1 42 1 33 0 58 0 30
 2 78 0 55 1 96 1 37
 3 57 0 38 1 62 1 15
 4 84 0 38 1 58 0 37
 5 114 0 26 1 33 1 36
 51 2507505
 587 233 220
 5
 1 61 0 35 0 65 1 32
 2 77 1 51 0 97 0 30
 3 60 1 42 0 69 0 37
 4 54 1 19 1 36 1 29
 5 107 1 39 0 60 0 26
 52 2507605
 587 233 220
 5
 1 98 0 73 1 31 0 16
 2 73 1 45 1 74 1 25
 3 84 1 19 0 24 0 17
 4 91 0 58 1 120 0 26
 5 98 0 39 1 41 0 21
 53 2507705
 587 233 220
 5
 1 75 0 27 1 36 1 40
 2 90 1 72 0 24 1 24
 3 92 1 82 0 41 0 24
 4 85 1 41 1 75 1 25
 5 95 1 45 1 76 0 29
 54 2507805
 587 233 220
 5
 1 95 1 67 0 24 1 34
 2 55 1 40 1 65 0 25
 3 66 1 63 1 96 1 37
 4 55 1 58 0 21 1 23
 5 54 0 46 1 80 0 25
 55 2507905
 587 233 220
 5
 1 99 0 94 1 27 1 26
 2 76 0 65 1 84 1 27
 3 108 1 48 1 21 0 20
 4 120 1 36 1 66 0 28
 5 70 1 30 0 48 1 21
 56 2508005
 587 233 220
 5
 1 88 1 36 1 41 0 44
 2 65 1 27 1 34 1 24
 3 32 1 31 1 43 1 34
 4 96 0 86 0 45 1 33
 5 61 1 52 0 69 1 42
 57 2508105
 587 233 220
 5
 1 82 1 40 1 70 0 25
 2 61 0 56 1 73 0 36
 3 95 1 42 0 64 1 24
 4 73 1 63 0 25 0 32
 5 55 0 46 1 58 1 37
 58 2508205
 587 233 220
 5
 1 102 0 45 0 78 1 28
 2 85 1 61 0 113 1 24
 3 70 0 53 0 22 1 20
 4 55 1 33 0 67 0 20
 5 57 1 43 0 21 1 37
 59 2508305
 587 233 220
 5
 1 50 0 44 0 76 1 48
 2 67 0 30 1 60 0 39
 3 57 1 42 1 61 0 34
 4 93 1 38 0 48 0 39
 5 57 0 34 0 62 1 48
 60 2508405
 587 233 220
 5
 1 74 1 57 1 79 0 22
 2 56 1 55 0 109 0 31
 3 64 1 39 1 76 1 17
 4 93 0 63 0 25 1 21
 5 115 0 35 1 64 0 23
 61 2508505
 587 233 220
 5
 1 68 0 66 1 107 0 11
 2 61 0 54 1 86 1 17
 3 98 1 84 0 24 1 10
 4 71 1 39 1 68 0 14
 5 77 0 73 1 109 0 25
 62 2508605
 587 233 220
 5
 1 62 0 49 1 69 0 22
 2 102 1 35 1 53 0 16
 3 96 1 45 1 78 0 18
 4 99 1 48 1 58 1 24
 5 72 0 53 1 94 1 27
 63 2508705
 587 233 220
 5
 1 73 1 62 0 79 1 24
 2 53 1 49 0 59 0 16
 3 63 0 63 1 106 0 27
 4 74 1 27 0 35 1 24
 5 88 0 81 1 25 0 33
 64 2508805
 587 233 220
 5
 1 115 1 53 1 20 1 25
 2 90 0 49 1 89 1 18
 3 112 0 27 1 41 1 32
 4 93 0 43 1 70 0 25
 5 82 0 62 0 80 1 22
 65 2508905
 587 233 220
 5
 1 58 1 25 1 53 1 27
 2 44 1 38 0 50 0 36
 3 33 1 26 1 48 0 44
 4 109 0 48 1 75 0 38
 5 80 1 41 0 72 0 35
 66 2509005
 587 233 220
 5
 1 88 0 31 1 45 1 28
 2 66 1 45 0 83 0 24
 3 69 1 46 0 85 0 25
 4 78 1 31 0 53 1 28
 5 76 1 58 1 90 1 26
 67 2509105
 587 233 220
 5
 1 122 1 38 1 39 1 32
 2 92 0 37 1 46 1 24
 3 65 1 54 1 28 1 40
 4 46 0 37 1 75 1 35
 5 58 0 53 1 93 1 42
 68 2509205
 587 233 220
 5
 1 46 1 36 1 62 0 19
 2 42 1 40 0 73 1 26
 3 49 0 48 0 62 1 24
 4 107 0 52 1 88 0 36
 5 94 1 32 0 41 0 31
 69 2509305
 587 233 220
 5
 1 90 1 32 0 53 1 31
 2 123 1 40 0 66 0 28
 3 73 1 67 1 33 0 30
 4 83 0 74 1 31 1 23
 5 102 0 66 1 33 0 31
 70 2509405
 587 233 220
 5
 1 57 0 28 0 34 1 19
 2 93 1 41 0 71 0 22
 3 87 1 82 0 29 1 35
 4 55 1 52 1 74 1 22
 5 109 1 101 1 46 0 22
 71 2509505
 587 233 220
 5
 1 64 0 64 0 100 1 27
 2 116 0 39 0 41 1 19
 3 73 0 49 1 99 1 23
 4 111 1 37 1 53 0 22
 5 108 0 23 1 26 1 39
 72 2509605
 587 233 220
 5
 1 96 1 69 0 100 1 18
 2 62 0 34 0 72 1 14
 3 69 0 58 0 104 1 18
 4 97 1 86 1 33 1 17
 5 100 1 30 1 61 0 21
 73 2509705
 587 233 220
 5
 1 88 0 38 1 72 1 27
 2 102 1 93 1 35 1 25
 3 123 1 30 0 39 0 26
 4 72 1 56 0 77 0 29
 5 88 1 34 0 35 0 24
 74 2509805
 587 233 220
 5
 1 77 0 69 1 89 0 18
 2 45 1 30 1 55 0 26
 3 92 1 38 0 53 0 24
 4 115 0 56 1 55 1 22
 5 75 0 74 1 38 0 35
 75 2509905
 587 233 220
 5
 1 105 0 84 1 24 1 32
 2 91 0 73 1 28 1 39
 3 71 0 49 1 80 0 29
 4 87 0 35 1 38 0 30
 5 53 0 39 1 71 1 30
 76 2510005
 587 233 220
 5
 1 76 1 32 0 42 1 32
 2 103 0 29 1 47 1 36
 3 56 0 33 0 62 1 39
 4 74 1 64 0 89 1 33
 5 57 1 28 0 44 0 48
 77 2510105
 587 233 220
 5
 1 71 0 75 1 36 1 41
 2 84 1 26 0 49 1 51
 3 55 1 42 1 70 0 44
 4 72 1 35 1 55 0 36
 5 47 1 46 1 67 0 32
 78 2510205
 587 233 220
 5
 1 108 1 43 0 68 1 37
 2 76 0 24 1 39 1 38
 3 77 1 70 1 27 0 34
 4 98 0 40 1 52 0 36
 5 41 1 41 1 49 1 41
 79 2510305
 587 233 220
 5
 1 50 0 44 0 64 1 50
 2 80 1 22 0 24 0 44
 3 89 1 86 1 32 0 39
 4 78 1 36 0 69 0 32
 5 83 0 33 1 52 1 38
 80 2510405
 587 233 220
 5
 1 59 0 55 0 81 1 19
 2 117 0 52 1 21 0 24
 3 69 1 52 0 95 1 26
 4 88 1 36 0 62 1 22
 5 110 1 58 0 55 0 25
 81 2510505
 587 233 220
 5
 1 115 1 57 1 63 0 9
 2 82 0 68 1 84 1 19
 3 113 1 52 0 79 0 19
 4 98 1 38 0 71 0 13
 5 99 1 33 1 59 0 27
 82 2510605
 587 233 220
 5
 1 54 0 51 1 66 1 28
 2 117 1 78 1 27 0 24
 3 116 1 34 1 35 0 28
 4 74 1 56 0 19 0 34
 5 67 0 64 1 91 1 32
 83 2510705
 587 233 220
 5
 1 68 0 45 1 85 1 31
 2 63 1 56 0 77 0 25
 3 94 1 41 0 57 1 25
 4 42 1 35 1 64 0 23
 5 68 0 45 0 81 1 30
 84 2510805
 587 233 220
 5
 1 114 0 41 1 77 0 25
 2 82 0 77 0 100 1 16
 3 72 0 51 0 78 1 15
 4 104 1 94 1 43 1 8
 5 77 1 67 0 24 1 26
 85 2510905
 587 233 220
 5
 1 58 1 22 1 37 0 39
 2 73 1 33 1 56 0 40
 3 59 1 35 0 59 0 37
 4 77 0 69 1 21 1 44
 5 65 0 61 0 75 1 45
 86 2511005
 587 233 220
 5
 1 84 0 27 1 32 1 38
 2 73 1 59 1 95 0 31
 3 55 1 38 0 75 1 27
 4 53 1 49 0 63 0 35
 5 81 0 39 0 56 1 26
 87 2511105
 587 233 220
 5
 1 117 0 28 1 33 1 26
 2 68 1 50 1 83 0 20
 3 84 0 75 0 96 1 22
 4 104 1 34 0 44 0 15
 5 78 0 47 0 84 1 19
 88 2511205
 587 233 220
 5
 1 95 0 39 0 57 1 32
 2 93 1 34 1 65 1 30
 3 89 0 83 1 40 1 26
 4 91 1 85 1 23 0 26
 5 81 0 39 0 53 1 29
 89 2511305
 587 233 220
 5
 1 93 0 92 1 45 0 19
 2 62 1 39 1 62 0 19
 3 61 1 61 0 101 0 25
 4 63 1 55 1 72 1 13
 5 120 0 87 0 29 1 24
 90 2511405
 587 233 220
 5
 1 95 1 34 1 51 0 16
 2 84 1 63 0 88 0 13
 3 113 1 45 0 82 0 14
 4 115 1 45 0 50 0 22
 5 95 1 67 1 115 0 13
 91 2511505
 587 233 220
 5
 1 62 0 57 1 82 0 27
 2 37 0 33 1 62 1 29
 3 34 0 26 1 38 1 33
 4 82 0 26 1 34 0 38
 5 104 0 93 1 42 0 39
 92 2511605
 587 233 220
 5
 1 84 0 62 1 96 0 16
 2 66 0 60 0 74 1 19
 3 89 0 44 1 61 1 20
 4 65 1 56 1 89 0 11
 5 89 0 77 1 93 1 12
 93 2511705
 587 233 220
 5
 1 82 0 37 1 71 1 11
 2 92 0 57 1 117 1 12
 3 71 1 52 0 21 0 14
 4 117 0 49 1 72 1 25
 5 80 1 55 0 102 0 19
 94 2511805
 587 233 220
 5
 1 77 1 71 1 76 1 32
 2 54 0 41 0 66 1 39
 3 51 1 40 1 64 1 38
 4 89 0 27 1 55 0 29
 5 76 1 28 1 32 0 33
 95 2511905
 587 233 220
 5
 1 100 1 72 0 20 0 26
 2 104 1 57 1 69 0 33
 3 75 1 34 0 59 1 26
 4 72 0 35 1 58 1 26
 5 70 1 62 0 33 1 35
 96 2512005
 587 233 220
 5
 1 67 0 25 1 43 1 39
 2 60 1 52 0 93 0 39
 3 96 1 89 1 20 0 33
 4 87 0 35 1 50 1 43
 5 48 0 33 0 57 1 41
 97 2512105
 587 233 220
 5
 1 71 1 34 0 58 1 32
 2 97 0 42 0 48 1 36
 3 98 1 41 0 73 1 37
 4 93 1 72 0 31 0 29
 5 38 0 23 1 43 0 45
 98 2512205
 587 233 220
 5
 1 103 1 37 1 54 1 35
 2 51 0 46 0 66 1 34
 3 62 0 60 0 104 1 19
 4 63 1 54 0 74 0 31
 5 42 0 38 0 65 1 23
 99 2512305
 587 233 220
 5
 1 48 1 46 1 52 0 42
 2 92 1 49 1 92 1 31
 3 118 0 23 1 38 0 30
 4 36 1 31 0 49 0 30
 5 113 0 37 1 46 0 39
 100 2512405
 587 233 220
 5
 1 47 0 48 1 77 1 24
 2 44 0 41 1 45 0 27
 3 98 1 35 1 45 1 33
 4 97 0 88 0 31 1 35
 5 113 1 47 1 74 0 23
