100
 1 2502505
 587 233 220
 8
 1 112 1 75 0 31 0 22
 2 111 1 24 0 41 1 9
 3 79 0 57 1 96 0 7
 4 82 1 27 0 34 0 10
 5 97 1 76 0 123 0 10
 6 113 0 46 1 74 1 9
 7 102 1 45 1 75 0 11
 8 94 1 67 0 32 1 16
 2 2502605
 587 233 220
 8
 1 48 1 20 1 26 1 16
 2 49 1 43 1 59 1 8
 3 77 1 61 0 102 0 16
 4 68 0 64 1 93 0 18
 5 112 1 27 0 49 1 17
 6 82 1 74 1 84 0 16
 7 35 0 31 1 47 1 17
 8 89 1 75 1 39 0 8
 3 2502705
 587 233 220
 8
 1 94 1 77 1 28 0 10
 2 103 1 82 1 41 0 17
 3 117 0 37 1 47 1 16
 4 49 0 43 1 63 1 21
 5 96 0 26 1 29 1 17
 6 97 1 36 0 59 1 16
 7 87 0 39 1 52 0 22
 8 58 0 59 1 109 0 20
 4 2502805
 587 233 220
 8
 1 110 1 92 1 35 1 22
 2 39 1 29 0 50 0 20
 3 35 0 28 1 56 0 25
 4 95 0 30 1 38 1 17
 5 93 1 32 1 63 1 23
 6 118 1 41 1 58 0 25
 7 54 0 47 1 54 0 18
 8 76 0 36 1 46 0 33
 5 2502905
 587 233 220
 8
 1 90 1 39 0 53 1 15
 2 93 1 37 1 56 0 13
 3 83 0 43 1 79 0 20
 4 81 1 71 0 97 0 16
 5 80 1 38 1 41 1 5
 6 95 0 52 1 23 0 14
 7 104 1 56 1 61 0 16
 8 90 1 29 1 56 1 15
 6 2503005
 587 233 220
 8
 1 82 1 46 0 90 0 22
 2 85 0 33 0 47 1 22
 3 57 1 36 1 67 1 24
 4 61 0 52 1 71 0 12
 5 72 1 39 1 78 0 18
 6 60 1 48 1 66 0 14
 7 66 1 57 0 69 0 13
 8 77 1 72 1 35 0 19
 7 2503105
 587 233 220
 8
 1 119 1 49 0 82 1 17
 2 87 1 31 0 32 0 13
 3 59 0 53 1 65 0 17
 4 43 0 32 1 40 0 19
 5 55 0 41 1 67 0 14
 6 81 1 71 0 35 1 18
 7 78 1 36 1 55 1 23
 8 63 1 54 1 97 1 21
 8 2503205
 587 233 220
 8
 1 56 1 56 1 75 0 11
 2 39 1 29 0 56 1 13
 3 76 1 77 1 37 0 10
 4 95 1 72 0 105 1 10
 5 47 1 30 1 56 1 19
 6 102 0 101 1 34 1 9
 7 84 0 58 1 92 0 12
 8 110 1 46 1 76 0 18
 9 2503305
 587 233 220
 8
 1 71 1 62 0 89 0 6
 2 82 0 77 0 27 1 18
 3 90 0 84 1 40 1 19
 4 77 1 54 0 76 1 16
 5 50 1 43 1 70 0 16
 6 57 1 36 0 71 0 17
 7 59 1 53 0 94 0 18
 8 89 0 29 0 42 1 34
 10 2503405
 587 233 220
 8
 1 70 1 66 1 33 0 16
 2 116 1 27 1 34 1 26
 3 77 1 57 0 97 0 17
 4 46 0 33 0 61 1 20
 5 46 1 36 1 53 0 24
 6 54 1 42 1 76 1 22
 7 105 1 64 0 28 0 22
 8 77 1 36 0 65 0 31
 11 2503505
 587 233 220
 8
 1 62 1 61 0 72 0 17
 2 70 1 61 0 25 1 12
 3 76 1 58 1 103 1 11
 4 114 1 40 1 76 1 15
 5 113 1 59 0 22 1 18
 6 105 0 43 1 69 1 15
 7 66 1 36 0 74 1 19
 8 62 1 55 1 86 0 11
 12 2503605
 587 233 220
 8
 1 79 0 57 1 98 1 12
 2 107 1 89 0 24 0 14
 3 114 1 40 1 41 0 14
 4 84 0 55 1 96 0 9
 5 57 0 62 0 108 1 10
 6 80 1 66 0 80 0 8
 7 44 1 35 0 70 0 19
 8 103 1 42 0 72 1 18
 13 2503705
 587 233 220
 8
 1 53 1 24 0 38 0 33
 2 61 0 20 1 39 0 20
 3 102 0 37 1 61 1 25
 4 80 1 37 1 53 1 19
 5 97 1 35 0 62 1 18
 6 98 1 32 1 47 0 23
 7 69 1 53 0 92 1 25
 8 90 0 27 0 32 1 41
 14 2503805
 587 233 220
 8
 1 65 1 32 0 47 0 12
 2 78 0 60 1 104 1 15
 3 81 0 45 0 21 1 13
 4 79 0 63 0 119 1 12
 5 78 1 63 1 95 0 11
 6 111 1 38 1 52 1 7
 7 61 0 54 1 72 1 17
 8 78 1 34 1 54 0 19
 15 2503905
 587 233 220
 8
 1 105 0 37 1 44 0 10
 2 81 1 54 1 89 1 10
 3 56 1 41 1 68 0 11
 4 84 1 40 0 58 0 13
 5 67 0 53 1 85 0 13
 6 77 0 53 1 83 1 19
 7 71 1 71 1 111 1 11
 8 61 0 50 1 70 1 17
 16 2504005
 587 233 220
 8
 1 39 1 39 1 41 1 22
 2 101 0 39 0 73 1 12
 3 61 0 45 1 65 0 16
 4 96 0 40 1 59 1 12
 5 72 0 72 1 27 0 15
 6 59 0 39 1 66 0 14
 7 78 1 76 1 83 0 25
 8 91 0 42 1 74 0 11
 17 2504105
 587 233 220
 8
 1 71 1 35 0 47 1 12
 2 66 0 45 1 75 0 8
 3 75 0 22 0 30 1 11
 4 81 1 76 0 120 1 15
 5 68 0 64 1 73 1 14
 6 77 0 63 1 122 0 10
 7 88 1 74 0 35 1 5
 8 112 1 90 0 26 0 14
 18 2504205
 587 233 220
 8
 1 99 1 32 1 54 1 11
 2 88 1 75 1 91 0 10
 3 92 1 90 0 44 0 10
 4 60 0 57 1 93 1 9
 5 55 0 43 1 82 1 6
 6 93 1 95 0 27 0 10
 7 88 0 77 0 105 1 13
 8 70 1 34 1 44 1 27
 19 2504305
 587 233 220
 8
 1 63 1 26 1 45 1 23
 2 41 1 41 1 75 1 9
 3 71 1 67 0 98 0 18
 4 42 1 42 0 62 0 15
 5 79 1 44 1 85 0 28
 6 54 0 35 1 66 1 23
 7 55 1 20 1 35 1 22
 8 57 0 52 1 62 1 28
 20 2504405
 587 233 220
 8
 1 80 0 69 0 97 1 14
 2 72 0 68 1 83 1 19
 3 108 0 51 1 25 0 15
 4 103 0 21 0 32 1 16
 5 90 1 34 1 54 0 14
 6 76 1 35 0 53 0 15
 7 109 1 21 1 41 1 15
 8 66 0 40 1 81 1 27
 21 2504505
 587 233 220
 8
 1 98 1 70 1 109 1 10
 2 91 1 70 0 33 1 10
 3 117 0 37 0 43 1 13
 4 81 1 61 0 94 1 12
 5 117 1 89 1 32 0 14
 6 101 1 38 0 62 0 11
 7 72 0 52 1 24 0 6
 8 101 1 88 0 25 1 21
 22 2504605
 587 233 220
 8
 1 81 1 52 1 87 0 11
 2 64 1 45 1 74 0 12
 3 93 1 38 1 68 0 11
 4 60 1 43 1 69 0 19
 5 89 1 70 0 108 0 16
 6 70 1 59 1 80 0 13
 7 59 1 25 0 35 0 20
 8 72 1 30 1 32 0 19
 23 2504705
 587 233 220
 8
 1 87 0 77 1 24 1 12
 2 74 1 65 1 121 0 18
 3 74 0 24 0 49 1 17
 4 37 1 22 0 40 0 8
 5 95 1 94 0 44 1 18
 6 94 0 24 1 44 1 13
 7 88 1 66 0 29 0 22
 8 53 0 51 0 56 1 25
 24 2504805
 587 233 220
 8
 1 117 1 83 0 29 1 13
 2 66 1 63 1 95 0 10
 3 61 1 45 0 61 0 8
 4 100 1 61 0 104 1 15
 5 97 1 89 1 23 0 12
 6 102 0 34 1 49 0 15
 7 78 1 31 0 52 0 20
 8 71 0 41 0 72 1 19
 25 2504905
 587 233 220
 8
 1 72 0 36 0 54 1 21
 2 102 1 51 1 58 0 20
 3 69 1 40 0 69 0 13
 4 70 1 42 1 79 1 12
 5 80 1 63 0 28 0 18
 6 76 1 49 0 80 0 18
 7 110 0 87 1 34 1 12
 8 88 0 91 1 25 0 20
 26 2505005
 587 233 220
 8
 1 83 0 39 0 74 1 25
 2 59 0 57 0 72 1 23
 3 100 1 78 1 27 1 20
 4 58 1 25 1 41 1 24
 5 67 0 31 1 38 1 14
 6 48 0 36 1 65 0 13
 7 92 0 72 0 36 1 23
 8 107 0 73 1 28 1 22
 27 2505105
 587 233 220
 8
 1 118 0 48 1 65 0 13
 2 102 0 55 0 25 1 18
 3 85 0 50 0 90 1 13
 4 102 1 40 1 67 0 15
 5 73 1 35 0 61 0 13
 6 80 1 59 0 116 0 16
 7 38 1 28 1 38 1 11
 8 50 0 42 1 59 1 19
 28 2505205
 587 233 220
 8
 1 62 0 51 1 64 1 19
 2 52 0 51 0 54 1 8
 3 68 1 64 1 99 0 16
 4 93 0 44 1 74 1 20
 5 51 0 39 1 53 0 16
 6 93 1 89 1 23 0 19
 7 89 1 37 1 40 1 19
 8 57 0 41 1 63 0 29
 29 2505305
 587 233 220
 8
 1 56 1 58 0 90 1 20
 2 75 1 54 1 96 0 20
 3 117 1 27 0 47 0 24
 4 78 0 25 1 49 0 26
 5 38 0 29 0 39 1 29
 6 48 1 34 0 58 0 21
 7 45 0 41 1 56 1 29
 8 83 0 77 0 25 1 26
 30 2505405
 587 233 220
 8
 1 62 0 33 1 54 1 22
 2 44 1 29 1 53 1 17
 3 31 1 29 1 48 0 26
 4 67 0 61 1 111 0 14
 5 63 0 31 1 44 0 22
 6 115 1 49 0 75 1 19
 7 109 0 42 0 58 1 18
 8 98 1 74 0 28 1 21
 31 2505505
 587 233 220
 8
 1 64 1 50 0 74 0 17
 2 54 0 48 0 82 1 19
 3 90 0 42 1 68 1 14
 4 76 1 40 1 49 1 16
 5 118 1 41 0 47 0 12
 6 93 1 34 0 65 1 20
 7 69 0 41 0 74 1 16
 8 124 1 48 1 58 1 16
 32 2505605
 587 233 220
 8
 1 92 1 46 0 73 1 16
 2 85 0 36 1 48 0 18
 3 70 1 32 0 54 1 20
 4 95 1 29 0 50 1 13
 5 106 1 48 1 84 0 20
 6 63 1 57 0 76 1 20
 7 79 1 37 1 43 0 16
 8 48 0 39 0 65 1 18
 33 2505705
 587 233 220
 8
 1 36 0 20 1 39 0 15
 2 76 1 31 0 45 0 15
 3 53 1 53 0 64 1 19
 4 78 1 66 1 109 0 18
 5 58 1 55 1 98 0 18
 6 94 0 21 1 38 1 12
 7 81 1 47 0 89 1 15
 8 88 0 71 1 25 0 18
 34 2505805
 587 233 220
 8
 1 65 0 26 0 34 1 22
 2 118 1 43 0 57 1 17
 3 73 1 71 1 36 1 23
 4 57 0 50 1 89 1 23
 5 84 0 32 1 56 1 13
 6 103 0 31 1 42 0 24
 7 53 0 51 1 89 0 14
 8 91 1 69 1 26 0 32
 35 2505905
 587 233 220
 8
 1 100 1 32 0 34 0 12
 2 82 0 42 0 69 1 18
 3 94 1 83 1 31 0 18
 4 39 0 30 0 59 1 24
 5 69 1 57 0 78 1 21
 6 65 1 48 0 73 1 23
 7 108 1 27 1 50 1 14
 8 110 0 45 0 57 1 16
 36 2506005
 587 233 220
 8
 1 40 0 25 0 39 1 18
 2 113 0 33 1 38 0 11
 3 77 1 54 1 97 0 9
 4 94 1 75 0 123 0 19
 5 64 1 47 0 70 1 15
 6 43 1 30 1 64 0 10
 7 74 1 36 1 53 0 9
 8 38 0 40 0 65 1 24
 37 2506105
 587 233 220
 8
 1 97 1 42 1 75 0 13
 2 58 1 38 1 58 1 12
 3 74 1 61 0 101 0 9
 4 77 0 52 0 94 1 20
 5 63 1 56 0 25 0 12
 6 78 0 55 1 111 1 18
 7 45 1 38 1 54 1 10
 8 79 1 58 0 24 1 21
 38 2506205
 587 233 220
 8
 1 103 0 49 1 91 0 14
 2 102 1 91 0 35 0 13
 3 120 0 35 1 43 1 8
 4 57 0 32 0 58 1 14
 5 63 1 46 0 72 0 8
 6 77 0 76 1 94 0 13
 7 55 0 51 0 90 1 18
 8 77 0 71 1 26 0 22
 39 2506305
 587 233 220
 8
 1 59 1 43 1 91 1 34
 2 36 0 35 0 52 1 28
 3 53 1 24 0 36 0 31
 4 70 1 33 1 41 0 32
 5 39 1 38 1 70 0 20
 6 43 0 30 0 49 1 29
 7 57 1 52 1 65 0 25
 8 103 0 42 1 51 0 32
 40 2506405
 587 233 220
 8
 1 79 0 60 1 84 0 10
 2 94 0 31 0 66 1 6
 3 75 0 45 1 87 1 10
 4 97 0 53 0 98 1 14
 5 73 1 77 0 31 0 9
 6 112 1 44 1 63 0 11
 7 68 1 62 1 109 0 14
 8 124 1 38 1 64 0 11
 41 2506505
 587 233 220
 8
 1 77 1 67 1 111 1 12
 2 91 0 30 1 43 0 25
 3 59 1 33 0 69 1 10
 4 76 0 34 0 64 1 18
 5 108 1 55 0 76 0 15
 6 83 1 58 0 29 0 17
 7 74 1 60 0 79 1 12
 8 85 1 47 1 21 0 31
 42 2506605
 587 233 220
 8
 1 72 0 51 1 79 0 19
 2 82 1 29 0 42 0 14
 3 58 1 46 1 69 1 13
 4 75 1 38 0 55 1 13
 5 100 0 81 1 29 1 24
 6 60 1 51 0 77 1 16
 7 93 0 37 1 68 0 16
 8 69 1 69 1 99 1 11
 43 2506705
 587 233 220
 8
 1 83 0 70 1 79 1 11
 2 69 0 27 0 37 1 4
 3 80 0 76 1 33 0 10
 4 101 1 37 1 58 0 13
 5 87 0 67 1 92 1 10
 6 92 0 77 0 30 1 11
 7 95 0 65 0 96 1 13
 8 89 0 43 1 51 1 23
 44 2506805
 587 233 220
 8
 1 110 1 69 1 26 0 22
 2 90 1 76 1 24 1 21
 3 90 0 91 0 37 1 20
 4 93 1 36 1 68 0 18
 5 90 0 43 1 80 0 18
 6 91 1 28 0 40 1 18
 7 66 1 31 0 56 1 13
 8 104 0 39 1 60 1 13
 45 2506905
 587 233 220
 8
 1 65 0 30 1 56 0 13
 2 126 1 22 1 41 0 20
 3 72 0 58 1 100 0 25
 4 75 0 40 1 78 1 14
 5 91 0 73 1 19 1 20
 6 65 1 41 1 64 1 13
 7 109 1 41 0 68 0 18
 8 77 0 21 0 37 1 41
 46 2507005
 587 233 220
 8
 1 83 0 37 0 60 1 11
 2 72 1 72 1 21 0 12
 3 109 1 53 1 78 1 14
 4 58 1 58 1 99 1 19
 5 65 0 57 0 98 1 10
 6 57 1 26 1 36 1 12
 7 69 0 49 1 72 0 16
 8 69 1 59 1 96 0 15
 47 2507105
 587 233 220
 8
 1 120 1 42 0 55 1 12
 2 108 0 100 1 20 0 20
 3 118 1 36 1 37 1 21
 4 75 0 37 1 37 0 20
 5 100 0 34 1 59 0 18
 6 100 0 49 1 70 1 21
 7 75 1 36 1 59 0 18
 8 51 0 40 1 73 0 22
 48 2507205
 587 233 220
 8
 1 51 0 50 1 58 0 6
 2 65 1 46 0 83 0 11
 3 96 1 39 0 57 1 12
 4 99 0 48 0 77 1 11
 5 70 1 28 1 46 0 11
 6 77 1 73 1 85 0 13
 7 77 0 66 1 88 1 18
 8 96 1 35 0 57 0 24
 49 2507305
 587 233 220
 8
 1 87 1 46 1 53 1 13
 2 74 1 69 1 105 0 16
 3 75 1 49 0 78 0 10
 4 75 0 61 1 107 1 11
 5 36 0 30 0 49 1 13
 6 39 1 28 0 43 0 8
 7 80 1 52 0 82 0 16
 8 113 0 79 0 19 1 23
 50 2507405
 587 233 220
 8
 1 42 1 32 1 62 0 14
 2 73 1 58 0 99 1 22
 3 58 0 39 1 62 0 17
 4 78 0 40 0 58 1 14
 5 117 1 26 1 34 1 9
 6 110 0 44 1 62 0 17
 7 104 1 85 0 20 0 20
 8 94 0 45 1 63 0 19
 51 2507505
 587 233 220
 8
 1 65 1 38 1 67 1 11
 2 77 0 51 0 98 1 27
 3 59 1 44 0 68 1 21
 4 55 0 19 1 37 0 23
 5 105 1 38 1 60 0 25
 6 77 1 59 0 25 0 19
 7 91 1 72 0 21 1 21
 8 50 0 39 0 67 1 17
 52 2507605
 587 233 220
 8
 1 96 1 70 0 32 1 12
 2 73 0 48 1 76 1 20
 3 77 1 20 1 24 0 15
 4 94 1 59 0 113 1 19
 5 100 1 38 0 38 0 21
 6 49 1 49 1 70 1 13
 7 27 1 24 0 35 0 28
 8 85 1 34 0 59 0 22
 53 2507705
 587 233 220
 8
 1 79 0 27 1 38 1 14
 2 86 0 71 1 25 1 15
 3 88 1 83 0 41 0 12
 4 89 1 42 0 72 1 8
 5 92 0 46 1 79 0 11
 6 83 1 72 1 120 0 9
 7 95 1 24 0 39 1 13
 8 84 0 77 1 101 1 14
 54 2507805
 587 233 220
 8
 1 101 1 67 0 22 0 30
 2 51 1 39 0 69 1 25
 3 67 1 58 0 98 1 22
 4 56 1 58 1 23 1 23
 5 53 1 47 1 79 0 30
 6 83 1 24 1 35 1 15
 7 54 1 27 1 48 0 17
 8 92 1 34 0 65 1 19
 55 2507905
 587 233 220
 8
 1 99 0 96 1 28 1 21
 2 75 0 67 1 84 0 14
 3 111 1 51 1 22 1 22
 4 123 0 37 1 64 0 19
 5 72 0 32 1 53 0 15
 6 59 1 39 1 60 0 24
 7 112 0 28 1 56 0 16
 8 47 0 37 1 52 0 26
 56 2508005
 587 233 220
 8
 1 90 0 35 0 39 1 40
 2 66 1 27 1 33 0 19
 3 33 1 31 1 42 1 19
 4 99 1 90 0 45 1 20
 5 63 1 56 0 71 1 20
 6 57 1 20 0 30 0 27
 7 74 1 64 0 31 1 28
 8 77 1 36 1 54 1 34
 57 2508105
 587 233 220
 8
 1 87 1 42 1 77 1 9
 2 64 1 56 0 77 0 10
 3 87 1 41 0 66 0 17
 4 73 1 64 0 25 1 14
 5 53 1 44 1 58 1 10
 6 98 1 45 0 70 0 16
 7 71 0 35 1 38 1 13
 8 81 1 73 0 97 1 20
 58 2508205
 587 233 220
 8
 1 107 1 45 1 84 0 15
 2 79 1 61 1 119 0 11
 3 70 1 52 0 22 0 12
 4 58 1 34 0 66 0 7
 5 59 0 42 1 20 0 8
 6 70 0 63 0 87 1 9
 7 90 1 81 0 34 0 9
 8 90 1 66 0 113 0 14
 59 2508305
 587 233 220
 8
 1 51 1 45 1 79 1 25
 2 63 1 31 0 62 0 34
 3 56 1 42 0 63 1 23
 4 93 1 38 0 48 0 14
 5 62 0 36 0 61 1 28
 6 105 1 34 0 37 0 26
 7 87 1 36 1 52 0 36
 8 42 1 37 0 48 0 34
 60 2508405
 587 233 220
 8
 1 72 0 61 1 77 1 14
 2 59 1 59 1 112 0 16
 3 61 0 36 1 72 1 18
 4 89 1 63 0 25 1 12
 5 111 0 34 1 68 1 15
 6 99 1 39 1 56 0 11
 7 103 0 105 1 39 0 13
 8 56 1 32 1 66 0 24
 61 2508505
 587 233 220
 8
 1 65 0 61 1 109 0 8
 2 60 0 53 1 87 0 9
 3 98 0 79 0 25 1 13
 4 73 0 37 1 65 1 6
 5 70 0 71 1 106 0 10
 6 72 1 55 1 84 0 11
 7 72 1 35 1 41 0 10
 8 81 0 77 1 81 1 21
 62 2508605
 587 233 220
 8
 1 66 0 51 1 69 0 13
 2 104 1 33 0 55 1 10
 3 94 1 46 1 80 1 11
 4 105 0 49 0 53 1 15
 5 73 1 51 0 101 1 10
 6 47 1 41 1 71 1 14
 7 43 1 35 0 44 1 18
 8 94 1 60 1 99 0 18
 63 2508705
 587 233 220
 8
 1 74 1 61 0 81 1 17
 2 53 0 51 0 59 1 8
 3 68 1 60 0 100 1 12
 4 74 0 28 0 38 1 14
 5 88 1 77 0 27 0 19
 6 83 1 67 1 106 0 14
 7 91 1 45 1 51 1 12
 8 37 0 34 0 47 1 39
 64 2508805
 587 233 220
 8
 1 112 0 54 1 19 1 22
 2 90 0 48 1 92 0 14
 3 109 0 25 0 43 1 9
 4 94 0 41 0 69 1 23
 5 79 1 62 0 80 1 13
 6 102 0 83 1 28 1 23
 7 52 1 47 1 61 1 17
 8 51 0 31 1 56 1 19
 65 2508905
 587 233 220
 8
 1 54 1 26 0 49 0 13
 2 43 0 36 1 47 0 17
 3 35 1 27 0 46 0 21
 4 103 1 51 0 78 1 18
 5 84 1 39 1 70 0 20
 6 53 1 37 1 51 0 15
 7 105 1 50 1 68 1 17
 8 74 0 71 0 75 1 19
 66 2509005
 587 233 220
 8
 1 84 1 33 0 46 1 14
 2 63 0 46 1 85 0 13
 3 69 1 43 1 83 1 11
 4 78 0 31 0 53 1 8
 5 80 1 64 0 85 1 14
 6 112 0 54 0 79 1 10
 7 69 0 50 1 82 0 9
 8 87 1 60 1 96 1 15
 67 2509105
 587 233 220
 8
 1 116 1 38 0 43 0 19
 2 86 0 36 1 42 0 13
 3 68 0 56 1 28 1 15
 4 48 0 37 0 72 1 19
 5 55 1 54 1 89 0 25
 6 86 1 38 1 70 0 19
 7 84 1 38 0 53 1 25
 8 117 0 33 0 46 1 31
 68 2509205
 587 233 220
 8
 1 46 1 37 0 58 1 11
 2 44 1 41 1 76 0 13
 3 50 1 48 1 63 0 11
 4 111 0 49 1 91 1 17
 5 93 0 32 1 44 1 13
 6 65 1 60 0 87 0 15
 7 88 1 53 1 97 1 17
 8 42 0 33 1 50 0 38
 69 2509305
 587 233 220
 8
 1 90 0 32 0 52 1 26
 2 115 0 38 1 69 0 18
 3 74 0 67 1 33 0 21
 4 83 1 73 0 31 1 20
 5 97 1 70 1 34 0 18
 6 102 0 27 1 30 1 18
 7 55 0 28 1 59 0 21
 8 70 0 59 1 75 1 19
 70 2509405
 587 233 220
 8
 1 55 1 28 0 34 1 8
 2 92 0 39 1 66 1 11
 3 91 1 84 1 28 1 19
 4 55 1 55 0 74 1 17
 5 119 0 95 0 43 1 21
 6 95 1 37 1 53 1 8
 7 106 0 38 0 58 1 12
 8 79 0 59 1 86 0 11
 71 2509505
 587 233 220
 8
 1 61 0 59 1 98 1 25
 2 110 1 38 1 42 0 15
 3 77 1 48 1 98 0 13
 4 114 0 36 1 53 0 12
 5 102 0 22 0 28 1 17
 6 63 1 50 0 77 1 16
 7 61 0 46 1 75 1 12
 8 101 0 31 0 48 1 25
 72 2509605
 587 233 220
 8
 1 95 1 66 0 94 1 13
 2 59 1 36 1 67 1 15
 3 70 0 57 0 107 1 14
 4 95 1 86 0 34 0 14
 5 94 0 33 1 59 1 22
 6 37 1 40 0 66 0 14
 7 58 1 35 1 61 1 24
 8 33 0 31 1 54 1 37
 73 2509705
 587 233 220
 8
 1 90 0 38 1 70 0 16
 2 99 1 94 0 33 0 16
 3 113 0 31 0 37 1 11
 4 71 1 57 0 75 0 15
 5 84 0 34 0 37 1 11
 6 84 1 59 0 106 1 11
 7 64 0 66 1 92 0 10
 8 72 1 52 1 78 0 15
 74 2509805
 587 233 220
 8
 1 82 1 68 0 86 1 10
 2 46 0 30 0 56 1 15
 3 98 1 37 1 50 0 11
 4 119 1 57 0 55 1 15
 5 79 0 73 0 36 1 13
 6 92 1 75 0 24 1 13
 7 67 0 55 1 76 0 15
 8 74 1 62 1 86 1 18
 75 2509905
 587 233 220
 8
 1 100 1 78 1 23 0 19
 2 99 1 76 0 28 1 15
 3 70 1 47 1 83 0 24
 4 89 1 37 0 37 0 13
 5 52 1 39 0 67 1 18
 6 46 1 36 0 50 0 14
 7 87 1 71 1 109 0 13
 8 89 1 33 1 43 1 23
 76 2510005
 587 233 220
 8
 1 78 1 32 1 43 1 14
 2 95 0 27 1 46 0 16
 3 58 1 32 0 62 1 19
 4 78 1 62 0 90 0 10
 5 58 1 28 0 42 1 27
 6 110 1 50 0 69 0 17
 7 73 1 70 0 96 1 14
 8 109 1 31 0 47 0 31
 77 2510105
 587 233 220
 8
 1 75 1 73 0 35 1 28
 2 83 1 25 0 50 1 22
 3 54 1 44 0 67 1 33
 4 77 1 32 1 57 1 25
 5 47 1 49 0 64 1 26
 6 78 0 35 1 66 0 28
 7 71 1 26 0 36 0 23
 8 70 1 39 1 76 0 15
 78 2510205
 587 233 220
 8
 1 110 0 40 0 65 1 19
 2 77 1 23 1 39 0 23
 3 76 1 73 0 25 0 17
 4 100 1 38 1 54 1 15
 5 42 1 41 0 48 1 20
 6 58 0 54 0 82 1 18
 7 92 1 78 1 35 1 17
 8 58 1 57 1 90 0 23
 79 2510305
 587 233 220
 8
 1 48 1 47 1 67 0 28
 2 80 1 21 1 24 0 31
 3 91 1 88 1 35 0 23
 4 78 1 36 0 64 1 17
 5 82 1 32 0 57 0 19
 6 118 0 91 1 21 1 22
 7 56 0 44 1 80 1 21
 8 77 0 29 1 46 0 30
 80 2510405
 587 233 220
 8
 1 58 0 54 0 80 1 12
 2 124 1 51 1 20 0 11
 3 65 0 55 1 98 1 18
 4 90 0 39 1 61 1 12
 5 107 1 57 0 59 1 17
 6 90 0 33 0 46 1 12
 7 104 0 53 0 78 1 13
 8 102 1 28 1 50 0 24
 81 2510505
 587 233 220
 8
 1 108 1 57 1 62 0 8
 2 75 1 75 1 82 1 4
 3 112 1 49 1 78 1 15
 4 105 1 38 0 73 0 10
 5 102 1 32 1 62 1 10
 6 58 1 47 1 71 1 7
 7 70 0 65 1 80 1 5
 8 73 0 68 0 126 1 17
 82 2510605
 587 233 220
 8
 1 50 1 50 0 63 1 23
 2 112 0 76 1 29 1 13
 3 120 1 31 1 35 0 22
 4 70 1 52 0 19 1 23
 5 70 1 67 1 98 1 21
 6 61 1 33 0 32 1 24
 7 72 1 21 0 37 1 23
 8 58 0 47 1 85 0 27
 83 2510705
 587 233 220
 8
 1 69 1 46 0 84 0 22
 2 65 0 57 1 80 1 12
 3 94 1 38 0 58 1 16
 4 40 0 33 0 60 1 23
 5 67 0 48 1 81 1 19
 6 79 0 57 1 98 0 13
 7 91 1 76 1 24 0 16
 8 71 0 28 1 45 1 24
 84 2510805
 587 233 220
 8
 1 120 0 40 0 75 1 16
 2 77 0 75 0 101 1 18
 3 70 1 52 1 73 0 13
 4 100 0 88 1 39 1 13
 5 73 1 70 1 22 1 18
 6 96 1 70 0 19 0 3
 7 92 1 53 1 24 0 8
 8 92 0 28 1 47 0 21
 85 2510905
 587 233 220
 8
 1 55 1 23 1 37 1 22
 2 69 1 32 0 57 1 13
 3 58 1 38 0 58 0 19
 4 74 0 74 0 22 1 18
 5 68 0 62 0 74 1 19
 6 38 1 33 1 42 1 11
 7 103 0 94 1 26 0 20
 8 74 1 68 1 112 0 20
 86 2511005
 587 233 220
 8
 1 84 1 29 0 33 1 20
 2 68 1 56 1 94 0 23
 3 59 1 39 1 75 0 17
 4 56 0 46 1 65 1 15
 5 81 0 36 1 56 0 17
 6 98 0 47 0 64 1 22
 7 74 0 30 1 30 0 19
 8 80 1 37 0 60 1 24
 87 2511105
 587 233 220
 8
 1 121 1 27 1 35 0 14
 2 69 1 47 1 86 1 18
 3 83 1 79 1 96 0 19
 4 109 0 33 1 45 0 12
 5 77 1 46 0 82 1 18
 6 73 1 65 1 32 0 9
 7 36 1 33 0 42 1 10
 8 57 1 26 0 42 1 39
 88 2511205
 587 233 220
 8
 1 96 1 40 1 60 1 14
 2 85 0 33 1 69 1 27
 3 93 1 83 0 38 0 15
 4 93 0 78 1 24 1 29
 5 85 1 39 1 55 1 16
 6 56 1 48 0 79 1 18
 7 89 1 32 1 49 0 16
 8 75 1 26 1 43 0 38
 89 2511305
 587 233 220
 8
 1 98 0 91 0 46 1 10
 2 62 0 40 0 62 1 12
 3 62 0 57 1 106 1 13
 4 65 1 52 1 74 1 12
 5 118 0 83 0 29 1 13
 6 88 0 82 1 106 0 9
 7 53 1 36 1 58 1 10
 8 70 1 64 1 94 1 10
 90 2511405
 587 233 220
 8
 1 90 1 34 0 53 1 12
 2 77 1 60 0 91 1 11
 3 110 1 47 1 81 1 8
 4 114 1 43 0 53 0 6
 5 92 1 65 1 109 1 13
 6 79 1 30 0 40 1 13
 7 112 0 38 1 65 1 9
 8 117 1 59 0 78 1 11
 91 2511505
 587 233 220
 8
 1 67 1 55 1 89 1 17
 2 36 0 34 0 61 1 16
 3 33 1 28 1 38 0 15
 4 84 1 27 1 33 0 25
 5 99 1 93 1 40 1 21
 6 53 0 44 1 68 0 28
 7 72 1 39 0 77 0 30
 8 40 1 25 1 48 0 47
 92 2511605
 587 233 220
 8
 1 84 1 63 1 98 1 10
 2 60 1 61 1 72 1 14
 3 82 1 45 0 57 0 11
 4 68 1 57 1 94 0 18
 5 96 0 78 1 97 0 9
 6 113 0 61 0 28 1 8
 7 89 1 37 1 42 1 11
 8 69 1 26 1 42 0 36
 93 2511705
 587 233 220
 8
 1 79 1 36 0 71 1 8
 2 90 0 58 1 118 0 8
 3 70 1 56 1 21 1 8
 4 117 0 48 1 69 1 9
 5 81 1 58 1 103 1 10
 6 74 1 53 1 88 0 14
 7 92 0 87 1 42 1 10
 8 72 0 64 1 85 0 16
 94 2511805
 587 233 220
 8
 1 71 0 70 1 74 1 17
 2 56 1 40 1 69 1 25
 3 54 0 40 1 67 1 21
 4 89 1 29 0 52 1 25
 5 75 0 29 1 33 0 15
 6 76 0 62 1 93 1 14
 7 47 1 28 0 57 1 18
 8 84 0 59 1 104 0 9
 95 2511905
 587 233 220
 8
 1 103 0 70 1 19 0 18
 2 107 1 56 1 68 1 20
 3 76 0 33 1 63 0 24
 4 71 1 35 1 61 0 22
 5 70 0 65 1 30 1 21
 6 33 1 30 1 38 1 16
 7 104 0 39 1 46 0 21
 8 105 0 36 1 41 0 32
 96 2512005
 587 233 220
 8
 1 67 1 27 1 42 1 25
 2 57 1 53 0 97 1 20
 3 94 0 87 1 22 1 21
 4 88 0 33 0 49 1 21
 5 48 1 35 1 55 1 20
 6 97 0 43 1 63 0 30
 7 50 0 46 1 76 0 19
 8 58 0 24 1 44 1 40
 97 2512105
 587 233 220
 8
 1 75 0 32 1 61 1 18
 2 100 1 42 1 48 1 20
 3 98 0 42 0 75 1 23
 4 91 0 70 1 31 0 21
 5 39 1 25 1 47 0 19
 6 69 0 63 1 24 1 18
 7 52 0 35 1 54 1 19
 8 73 1 64 0 73 1 22
 98 2512205
 587 233 220
 8
 1 101 0 39 0 55 1 22
 2 53 0 50 0 66 1 16
 3 63 1 60 0 103 0 18
 4 64 0 51 1 75 0 9
 5 42 1 36 0 62 1 13
 6 49 1 41 0 72 1 16
 7 63 0 53 1 88 0 16
 8 76 0 56 1 95 0 12
 99 2512305
 587 233 220
 8
 1 47 0 46 1 53 1 22
 2 93 0 49 1 91 0 18
 3 122 1 22 0 40 0 8
 4 37 1 33 1 50 0 12
 5 117 0 38 0 42 1 13
 6 91 1 75 0 105 0 11
 7 57 1 57 0 76 0 6
 8 116 1 96 1 41 1 14
 100 2512405
 587 233 220
 8
 1 47 1 47 1 77 1 11
 2 46 0 41 1 46 1 16
 3 101 1 35 1 42 0 16
 4 95 1 85 1 30 0 20
 5 109 1 45 0 74 1 23
 6 72 1 27 0 35 0 23
 7 78 1 57 0 107 1 17
 8 39 0 25 0 43 1 38
