100
 1 2502505
 587 233 220
 10
 1 104 1 73 0 29 0 22
 2 107 0 25 1 42 0 11
 3 80 0 53 1 90 1 9
 4 83 1 29 0 32 0 8
 5 99 0 74 1 125 0 8
 6 111 0 46 1 69 0 13
 7 95 1 48 0 71 1 4
 8 91 1 64 1 33 0 12
 9 88 0 80 1 29 0 9
 10 74 1 25 0 33 0 42
 2 2502605
 587 233 220
 10
 1 47 1 20 1 26 0 13
 2 52 1 41 0 61 0 8
 3 79 1 65 0 102 1 10
 4 70 0 65 0 91 1 13
 5 110 0 27 1 48 1 12
 6 82 1 71 0 88 0 16
 7 35 1 31 1 47 1 12
 8 83 0 74 0 39 1 11
 9 50 1 47 0 75 1 14
 10 88 1 35 1 45 1 17
 3 2502705
 587 233 220
 10
 1 93 0 81 1 28 0 8
 2 102 0 77 0 41 1 15
 3 117 1 36 0 46 1 11
 4 52 1 43 1 68 0 10
 5 104 1 27 0 32 0 15
 6 100 1 36 1 54 0 13
 7 95 0 38 1 53 1 13
 8 62 1 55 0 108 1 16
 9 64 1 61 0 101 0 11
 10 59 0 41 1 78 1 17
 4 2502805
 587 233 220
 10
 1 110 0 97 1 33 1 14
 2 37 1 29 0 51 1 16
 3 33 0 30 0 59 1 15
 4 98 1 31 1 37 1 18
 5 88 0 35 0 66 1 12
 6 124 1 41 0 57 0 17
 7 51 0 50 0 57 1 12
 8 74 1 34 0 43 1 22
 9 67 0 43 1 76 0 14
 10 117 1 49 0 50 0 23
 5 2502905
 587 233 220
 10
 1 91 1 40 0 56 1 10
 2 98 0 37 1 55 1 10
 3 91 1 45 1 78 0 15
 4 78 1 71 1 102 1 15
 5 84 0 38 0 41 1 16
 6 96 1 57 1 21 0 6
 7 108 1 56 0 61 0 9
 8 93 1 29 1 55 0 13
 9 31 1 30 1 34 0 19
 10 76 0 57 1 87 0 11
 6 2503005
 587 233 220
 10
 1 82 1 45 0 82 1 19
 2 79 1 33 1 45 0 20
 3 53 1 37 0 69 0 13
 4 60 1 53 0 75 0 15
 5 73 1 39 0 79 1 10
 6 62 1 45 1 72 0 12
 7 65 1 57 0 69 0 10
 8 74 1 77 1 38 0 7
 9 85 0 48 0 94 1 12
 10 54 1 52 0 63 0 18
 7 2503105
 587 233 220
 10
 1 114 1 52 0 78 0 16
 2 84 1 30 0 32 0 8
 3 59 1 53 0 61 0 14
 4 43 1 34 1 44 0 12
 5 53 1 42 0 65 1 16
 6 82 0 70 0 34 1 10
 7 74 0 35 1 56 0 15
 8 63 0 55 1 97 1 13
 9 69 0 51 1 84 0 13
 10 112 1 77 1 23 1 19
 8 2503205
 587 233 220
 10
 1 59 1 59 1 74 0 7
 2 39 1 32 1 57 1 9
 3 77 1 71 0 36 0 14
 4 98 0 74 1 106 1 7
 5 45 0 30 1 57 0 11
 6 97 1 99 0 35 0 14
 7 81 0 57 1 90 0 9
 8 114 1 43 0 73 0 7
 9 112 1 65 0 20 1 11
 10 77 1 53 0 85 0 17
 9 2503305
 587 233 220
 10
 1 68 1 60 1 95 0 4
 2 81 0 77 0 29 1 15
 3 94 0 89 1 40 1 14
 4 78 1 57 0 80 0 14
 5 51 1 46 1 69 1 9
 6 57 0 36 1 70 0 17
 7 58 0 55 1 99 0 14
 8 89 1 30 1 42 0 20
 9 55 1 37 0 70 1 12
 10 89 0 27 1 41 1 39
 10 2503405
 587 233 220
 10
 1 65 1 66 1 32 0 11
 2 121 0 25 1 33 1 14
 3 79 1 62 1 93 1 16
 4 49 1 35 0 60 0 11
 5 46 1 37 0 52 0 10
 6 52 0 41 1 80 1 12
 7 112 0 60 1 29 0 10
 8 77 0 36 0 65 1 11
 9 39 1 36 1 52 1 16
 10 97 1 61 1 99 1 18
 11 2503505
 587 233 220
 10
 1 63 0 64 1 75 0 12
 2 69 0 63 1 25 0 11
 3 77 1 57 1 105 0 11
 4 108 1 42 1 74 0 6
 5 115 0 58 0 21 1 15
 6 102 1 41 1 69 1 17
 7 64 1 38 0 75 1 13
 8 60 1 55 1 85 1 18
 9 92 1 68 0 27 1 12
 10 70 0 27 1 30 0 30
 12 2503605
 587 233 220
 10
 1 76 1 57 0 96 1 8
 2 112 0 86 1 23 1 15
 3 121 0 40 0 43 1 10
 4 76 1 56 0 98 0 15
 5 57 1 61 1 113 0 7
 6 75 1 66 0 85 0 9
 7 47 0 35 0 68 1 7
 8 99 1 44 0 70 0 11
 9 88 1 58 0 24 0 16
 10 36 1 36 1 66 0 28
 13 2503705
 587 233 220
 10
 1 50 1 25 0 36 1 28
 2 63 1 22 1 37 0 12
 3 100 0 38 0 60 1 15
 4 81 0 36 0 53 1 17
 5 99 1 36 1 62 0 13
 6 95 1 32 1 48 0 11
 7 69 1 56 0 86 0 16
 8 94 0 28 1 35 0 12
 9 106 1 40 1 74 0 26
 10 100 1 36 1 42 0 20
 14 2503805
 587 233 220
 10
 1 66 1 33 1 50 1 9
 2 80 1 66 1 104 1 15
 3 80 0 48 0 21 1 7
 4 75 0 60 1 115 0 7
 5 73 0 69 1 89 1 10
 6 111 0 35 0 53 1 9
 7 66 1 53 0 75 0 7
 8 77 0 35 1 52 0 11
 9 63 1 60 0 75 1 11
 10 61 0 55 1 69 0 16
 15 2503905
 587 233 220
 10
 1 95 1 38 0 42 0 6
 2 77 0 56 0 91 1 9
 3 60 1 44 1 65 0 8
 4 88 1 41 1 59 0 8
 5 69 1 51 1 78 1 10
 6 81 1 52 1 87 1 10
 7 77 1 70 0 113 1 15
 8 61 0 51 1 74 0 8
 9 49 0 38 1 71 1 11
 10 122 1 39 0 61 1 12
 16 2504005
 587 233 220
 10
 1 41 1 39 0 44 0 15
 2 94 1 40 0 79 1 12
 3 62 1 49 1 66 0 10
 4 100 1 38 0 55 1 14
 5 73 1 72 0 26 1 9
 6 59 0 41 0 67 1 13
 7 72 1 69 0 81 1 14
 8 93 1 44 1 69 0 19
 9 99 0 27 1 36 1 20
 10 71 1 67 0 92 1 9
 17 2504105
 587 233 220
 10
 1 74 0 36 1 48 0 8
 2 65 0 45 1 73 0 11
 3 75 1 22 0 32 0 7
 4 81 0 77 1 115 0 9
 5 62 0 62 1 73 1 12
 6 77 1 62 1 118 0 15
 7 95 0 80 1 37 0 9
 8 109 1 87 1 28 1 4
 9 101 0 44 0 57 1 5
 10 58 0 45 1 74 0 16
 18 2504205
 587 233 220
 10
 1 103 1 29 0 56 0 9
 2 89 1 74 1 94 0 7
 3 86 0 89 1 43 1 9
 4 62 0 58 1 88 1 7
 5 52 1 43 1 81 1 5
 6 97 1 95 1 28 0 4
 7 92 1 78 1 98 1 9
 8 75 0 31 1 43 1 8
 9 87 1 63 1 114 0 6
 10 87 0 75 0 113 1 8
 19 2504305
 587 233 220
 10
 1 62 0 27 1 45 1 13
 2 41 0 39 0 73 1 11
 3 68 0 65 1 100 1 11
 4 40 0 41 1 61 1 11
 5 83 0 43 1 79 1 10
 6 55 1 34 0 61 0 17
 7 55 1 21 1 35 0 11
 8 57 1 51 0 59 0 17
 9 80 0 71 1 79 0 18
 10 83 1 47 1 93 1 15
 20 2504405
 587 233 220
 10
 1 75 0 65 1 98 0 10
 2 70 1 71 0 80 0 20
 3 105 0 51 1 25 0 12
 4 103 0 19 1 32 1 15
 5 82 0 36 0 59 1 13
 6 79 1 35 1 50 1 11
 7 108 0 22 0 41 1 19
 8 71 1 44 0 78 0 5
 9 43 1 32 0 56 1 14
 10 104 1 49 0 83 1 16
 21 2504505
 587 233 220
 10
 1 93 1 75 1 110 1 5
 2 96 0 64 0 33 1 13
 3 115 1 35 0 43 0 14
 4 79 0 59 0 92 1 10
 5 113 1 93 1 34 1 12
 6 97 0 40 1 67 0 14
 7 73 1 49 0 25 1 7
 8 105 0 88 1 26 0 9
 9 96 0 43 0 47 1 10
 10 107 1 31 1 53 1 24
 22 2504605
 587 233 220
 10
 1 77 0 51 1 86 0 9
 2 65 1 45 1 72 1 10
 3 99 0 38 1 68 1 4
 4 62 1 43 0 65 0 10
 5 92 0 73 0 102 1 18
 6 69 1 62 0 84 1 15
 7 63 1 25 0 37 0 6
 8 76 1 33 0 31 0 12
 9 61 0 65 1 30 0 16
 10 78 1 23 1 41 1 17
 23 2504705
 587 233 220
 10
 1 86 0 83 1 23 1 6
 2 69 1 67 0 117 1 18
 3 76 0 25 1 49 1 8
 4 38 1 21 0 38 0 7
 5 96 1 95 0 47 1 6
 6 91 0 25 1 44 1 8
 7 90 1 71 0 27 0 13
 8 49 0 47 1 55 1 8
 9 89 1 83 1 113 1 10
 10 45 1 42 0 56 0 32
 24 2504805
 587 233 220
 10
 1 115 0 79 0 29 1 14
 2 68 0 64 1 102 1 8
 3 59 1 47 1 61 0 15
 4 98 0 64 1 102 1 4
 5 101 0 86 0 22 1 15
 6 102 1 34 1 48 0 11
 7 82 1 31 1 55 0 15
 8 67 0 40 1 71 0 10
 9 85 1 84 0 35 0 20
 10 97 1 56 1 26 1 28
 25 2504905
 587 233 220
 10
 1 79 0 34 1 52 1 17
 2 102 0 47 1 59 0 18
 3 70 1 41 0 74 1 9
 4 71 1 46 1 79 1 12
 5 78 1 62 1 27 1 9
 6 76 1 47 1 77 0 14
 7 105 1 85 1 31 0 14
 8 96 1 90 0 26 0 12
 9 52 1 48 0 67 0 11
 10 66 0 57 1 69 1 16
 26 2505005
 587 233 220
 10
 1 88 0 42 1 73 1 16
 2 56 0 59 0 72 1 22
 3 103 0 85 1 27 0 13
 4 57 1 23 1 40 0 19
 5 69 0 29 1 36 1 19
 6 49 1 37 0 62 1 10
 7 98 1 76 1 35 0 13
 8 106 1 73 1 29 0 13
 9 70 1 54 0 98 0 15
 10 71 0 34 1 34 1 25
 27 2505105
 587 233 220
 10
 1 116 0 49 1 63 1 11
 2 101 0 55 1 26 0 14
 3 84 0 48 1 92 0 12
 4 105 1 40 1 67 1 8
 5 78 1 35 1 63 1 12
 6 77 0 57 1 119 0 13
 7 36 0 30 1 35 0 13
 8 50 1 41 1 57 1 7
 9 65 1 23 0 42 0 9
 10 80 0 62 1 94 1 14
 28 2505205
 587 233 220
 10
 1 61 1 51 0 61 1 23
 2 52 1 50 0 56 0 10
 3 70 1 68 0 100 0 8
 4 101 0 46 1 80 1 14
 5 51 0 38 1 53 1 18
 6 92 0 83 0 22 1 14
 7 95 1 40 1 40 1 21
 8 63 1 39 0 66 1 16
 9 30 1 25 0 37 0 23
 10 86 0 35 1 58 0 26
 29 2505305
 587 233 220
 10
 1 60 0 56 1 96 1 11
 2 78 0 56 1 92 0 12
 3 113 1 28 0 48 0 9
 4 80 1 27 0 45 0 10
 5 42 0 28 0 39 1 17
 6 48 0 34 1 57 0 11
 7 49 0 42 0 56 1 9
 8 82 1 84 0 26 0 17
 9 85 1 57 1 86 1 12
 10 95 0 70 0 118 1 10
 30 2505405
 587 233 220
 10
 1 62 1 34 1 53 0 15
 2 43 1 27 1 51 1 14
 3 34 1 30 0 50 1 16
 4 67 1 60 0 108 0 17
 5 64 0 32 0 41 1 11
 6 126 1 48 1 68 1 15
 7 111 1 42 0 56 0 16
 8 99 0 69 1 27 0 17
 9 71 0 54 1 77 0 10
 10 87 0 26 1 39 1 23
 31 2505505
 587 233 220
 10
 1 60 1 47 0 69 0 16
 2 54 0 48 1 85 0 17
 3 91 0 40 1 69 1 11
 4 81 0 41 0 48 1 14
 5 114 1 40 1 45 1 17
 6 93 1 35 1 64 1 10
 7 64 1 41 0 70 1 20
 8 116 0 47 1 57 0 14
 9 101 0 60 0 24 1 14
 10 71 0 34 1 54 0 19
 32 2505605
 587 233 220
 10
 1 99 0 46 1 80 0 12
 2 79 1 36 1 48 1 18
 3 69 1 30 1 53 0 18
 4 93 0 28 1 50 0 11
 5 101 1 51 1 80 0 13
 6 66 0 57 1 77 0 18
 7 73 1 35 0 46 0 23
 8 51 1 38 0 65 1 14
 9 51 0 42 1 72 1 10
 10 107 1 41 1 43 1 17
 33 2505705
 587 233 220
 10
 1 35 1 22 1 41 1 11
 2 76 0 32 1 47 1 10
 3 55 1 54 1 65 1 12
 4 81 1 72 0 113 1 13
 5 57 1 51 1 93 0 15
 6 95 0 19 1 35 0 11
 7 85 0 48 1 88 0 16
 8 84 0 67 1 23 0 12
 9 37 1 36 1 57 0 12
 10 76 0 49 0 82 1 15
 34 2505805
 587 233 220
 10
 1 65 1 27 1 37 0 12
 2 122 1 41 0 56 0 9
 3 70 0 73 1 36 1 15
 4 58 1 48 0 85 1 14
 5 84 1 34 1 56 1 13
 6 100 0 31 0 43 1 9
 7 53 1 50 1 96 1 17
 8 91 1 68 0 26 0 13
 9 91 1 71 0 99 1 12
 10 49 1 48 1 58 1 24
 35 2505905
 587 233 220
 10
 1 99 1 33 0 34 1 7
 2 83 0 44 1 66 0 14
 3 91 0 88 1 33 1 14
 4 38 0 29 1 58 0 15
 5 70 0 57 0 77 1 23
 6 69 0 48 0 75 1 16
 7 111 1 26 1 49 1 16
 8 109 1 45 0 52 0 13
 9 88 1 30 0 55 0 13
 10 102 1 68 0 20 1 19
 36 2506005
 587 233 220
 10
 1 41 1 25 0 43 1 16
 2 109 1 35 1 41 0 12
 3 81 1 50 1 92 0 11
 4 94 0 73 1 120 1 8
 5 61 0 49 1 67 1 19
 6 45 0 31 1 61 1 14
 7 74 1 36 1 53 0 11
 8 39 1 38 1 66 1 5
 9 115 1 46 1 70 0 12
 10 68 1 50 0 70 0 22
 37 2506105
 587 233 220
 10
 1 96 0 43 1 71 0 10
 2 63 0 38 1 61 0 15
 3 71 0 59 0 110 1 10
 4 80 1 53 1 86 0 14
 5 66 1 58 1 24 0 19
 6 79 1 56 0 110 0 11
 7 43 1 38 1 58 0 12
 8 83 0 58 0 23 1 11
 9 59 1 56 0 72 1 11
 10 84 1 23 0 39 0 42
 38 2506205
 587 233 220
 10
 1 99 0 51 0 96 1 8
 2 105 0 87 0 35 1 20
 3 116 0 32 0 43 1 8
 4 58 1 34 0 64 1 8
 5 59 0 47 0 71 1 16
 6 77 0 81 1 91 1 4
 7 56 0 53 1 89 1 10
 8 79 1 68 0 26 1 11
 9 46 1 38 0 78 0 15
 10 91 1 57 0 96 1 11
 39 2506305
 587 233 220
 10
 1 56 0 46 1 88 1 28
 2 38 0 35 1 55 1 20
 3 57 1 24 1 37 1 21
 4 72 0 34 1 41 1 25
 5 41 1 39 0 75 0 19
 6 41 0 30 1 53 1 13
 7 57 0 55 1 65 0 23
 8 94 0 42 1 55 1 21
 9 96 0 32 1 32 0 18
 10 102 1 63 0 27 1 26
 40 2506405
 587 233 220
 10
 1 81 0 62 1 82 0 7
 2 94 1 33 0 62 1 6
 3 75 1 47 1 81 1 8
 4 91 1 55 0 100 1 9
 5 79 1 79 0 32 1 13
 6 109 1 45 1 69 0 7
 7 72 0 64 0 104 1 9
 8 119 0 38 0 60 1 15
 9 58 0 46 1 95 0 13
 10 60 0 28 0 33 1 47
 41 2506505
 587 233 220
 10
 1 79 1 70 1 111 1 7
 2 87 0 33 1 44 1 13
 3 59 1 35 0 64 1 13
 4 78 0 33 1 65 0 9
 5 110 0 54 0 78 1 15
 6 86 0 62 0 28 1 13
 7 73 0 64 0 80 1 10
 8 84 1 45 0 22 1 8
 9 82 1 61 0 117 1 8
 10 92 0 33 1 37 1 26
 42 2506605
 587 233 220
 10
 1 72 1 48 0 78 0 17
 2 86 0 28 0 39 1 11
 3 53 0 48 1 63 1 10
 4 74 1 36 0 55 0 9
 5 104 0 85 0 28 1 9
 6 60 1 50 1 71 1 15
 7 85 1 36 1 62 1 17
 8 71 1 70 0 96 1 11
 9 77 1 63 1 78 0 13
 10 58 0 47 1 65 1 15
 43 2506705
 587 233 220
 10
 1 83 1 69 1 79 1 11
 2 65 1 26 0 37 1 4
 3 75 1 76 1 32 1 3
 4 100 0 37 0 55 1 8
 5 87 1 65 0 90 1 12
 6 88 1 78 1 31 0 5
 7 88 1 65 1 103 0 16
 8 91 0 43 1 55 0 9
 9 44 1 37 1 55 0 6
 10 116 1 37 0 54 0 15
 44 2506805
 587 233 220
 10
 1 115 0 65 1 25 0 20
 2 89 1 83 1 24 0 15
 3 88 0 86 1 38 1 18
 4 94 1 38 0 72 0 13
 5 88 1 42 1 82 1 12
 6 90 1 27 0 39 1 12
 7 72 1 30 1 55 0 15
 8 109 1 37 0 63 0 12
 9 95 1 42 1 55 0 7
 10 69 1 63 0 79 1 11
 45 2506905
 587 233 220
 10
 1 65 0 33 1 53 1 11
 2 120 1 24 1 43 1 11
 3 76 0 56 1 96 0 21
 4 78 1 44 1 77 1 20
 5 92 1 73 1 20 1 11
 6 65 0 41 0 62 1 17
 7 109 0 42 1 71 0 10
 8 77 1 20 0 35 1 15
 9 67 0 61 1 27 1 18
 10 53 0 38 0 70 1 23
 46 2507005
 587 233 220
 10
 1 86 1 37 0 58 1 7
 2 75 1 70 0 22 1 8
 3 108 1 52 0 75 0 12
 4 59 1 58 0 102 1 9
 5 68 1 58 1 101 0 11
 6 59 0 26 1 38 1 8
 7 72 0 49 1 76 0 4
 8 67 1 54 1 101 0 13
 9 122 1 85 0 23 0 11
 10 79 1 75 0 112 0 9
 47 2507105
 587 233 220
 10
 1 115 0 43 1 54 0 12
 2 118 0 91 0 20 1 13
 3 119 1 39 1 37 0 16
 4 80 1 38 1 38 0 12
 5 99 0 33 1 55 1 14
 6 101 1 53 0 71 1 16
 7 72 0 38 1 56 1 10
 8 50 0 41 1 73 0 16
 9 83 1 40 0 78 1 11
 10 75 1 43 1 85 0 16
 48 2507205
 587 233 220
 10
 1 47 1 48 1 61 1 5
 2 65 1 47 0 78 0 9
 3 100 1 39 0 57 0 9
 4 100 1 49 0 79 1 10
 5 73 0 26 0 48 1 10
 6 71 0 69 1 84 1 11
 7 79 0 64 1 89 1 16
 8 97 1 36 0 60 1 12
 9 54 1 47 1 63 1 12
 10 90 1 44 1 76 0 14
 49 2507305
 587 233 220
 10
 1 91 0 45 0 55 1 12
 2 81 0 71 0 105 1 7
 3 77 1 48 1 80 0 14
 4 74 1 62 0 104 0 5
 5 39 0 30 0 50 1 10
 6 37 1 27 1 44 1 12
 7 75 0 53 0 76 1 6
 8 120 1 81 0 21 0 10
 9 99 1 50 0 70 0 15
 10 99 0 97 1 50 0 13
 50 2507405
 587 233 220
 10
 1 42 1 33 0 62 1 11
 2 79 0 58 0 96 1 15
 3 58 0 39 0 61 1 27
 4 83 0 39 1 58 1 16
 5 124 1 25 0 36 1 8
 6 103 0 42 1 59 1 10
 7 106 0 89 1 21 0 17
 8 94 1 46 0 69 0 21
 9 65 1 25 0 34 0 18
 10 70 1 20 1 33 1 37
 51 2507505
 587 233 220
 10
 1 67 1 37 1 66 0 11
 2 72 0 51 1 100 0 17
 3 63 1 45 0 70 1 22
 4 54 1 19 1 38 1 15
 5 104 0 37 1 60 0 25
 6 79 1 59 0 24 1 20
 7 99 0 76 1 23 0 17
 8 49 0 39 0 68 1 15
 9 98 1 30 1 42 0 19
 10 41 0 38 1 53 1 22
 52 2507605
 587 233 220
 10
 1 101 1 76 0 33 1 10
 2 72 1 49 1 77 1 14
 3 78 0 20 1 24 0 18
 4 96 1 64 0 110 1 9
 5 101 0 40 0 38 1 15
 6 53 1 49 1 71 0 12
 7 27 1 23 0 35 1 13
 8 86 0 36 1 57 1 17
 9 86 1 61 1 82 1 15
 10 100 0 46 1 24 1 24
 53 2507705
 587 233 220
 10
 1 79 0 28 1 37 1 10
 2 90 1 70 1 26 0 16
 3 91 1 84 1 40 1 8
 4 85 1 43 0 73 0 7
 5 95 0 44 1 77 1 6
 6 86 0 71 1 109 1 12
 7 90 0 26 0 39 1 7
 8 77 1 79 1 110 0 8
 9 73 1 51 1 72 0 9
 10 58 1 54 1 62 0 20
 54 2507805
 587 233 220
 10
 1 99 0 70 1 23 1 22
 2 51 0 38 0 71 1 17
 3 68 1 61 1 98 0 20
 4 56 1 56 1 23 1 16
 5 52 1 48 0 83 1 18
 6 89 0 26 0 36 1 21
 7 54 0 26 1 46 1 11
 8 94 1 33 0 63 1 18
 9 109 1 28 1 59 0 9
 10 118 1 64 0 27 1 17
 55 2507905
 587 233 220
 10
 1 103 0 91 1 28 1 19
 2 76 1 67 1 78 1 13
 3 111 0 48 1 22 1 11
 4 124 1 37 1 63 0 19
 5 72 0 30 1 53 0 13
 6 61 1 41 0 57 0 11
 7 111 1 28 1 57 0 16
 8 49 0 39 1 53 0 14
 9 46 1 43 0 69 0 12
 10 68 0 62 0 92 1 10
 56 2508005
 587 233 220
 10
 1 89 1 33 0 43 1 33
 2 64 1 27 0 32 1 17
 3 30 0 31 1 43 0 19
 4 99 1 91 0 46 0 13
 5 66 1 55 0 67 1 22
 6 55 0 20 1 29 1 24
 7 75 0 66 1 33 0 13
 8 73 1 36 1 59 0 27
 9 65 1 30 0 35 1 29
 10 79 0 34 1 53 0 31
 57 2508105
 587 233 220
 10
 1 84 0 39 0 75 1 9
 2 59 1 57 0 74 0 6
 3 88 0 42 0 63 1 12
 4 72 0 63 0 23 1 15
 5 54 1 42 0 56 1 8
 6 91 0 43 1 67 0 10
 7 71 1 33 0 37 0 8
 8 84 1 79 0 97 1 6
 9 93 0 79 1 94 0 10
 10 84 0 62 1 114 0 11
 58 2508205
 587 233 220
 10
 1 101 1 48 0 81 1 17
 2 77 0 60 1 112 0 9
 3 70 1 54 0 23 0 11
 4 55 0 33 0 66 1 10
 5 63 0 42 1 21 1 12
 6 71 0 63 1 81 1 7
 7 88 0 82 0 37 1 9
 8 94 1 62 0 120 0 7
 9 76 1 34 1 56 0 8
 10 98 0 79 1 37 1 17
 59 2508305
 587 233 220
 10
 1 52 1 48 0 79 1 16
 2 65 1 33 1 58 0 25
 3 53 1 45 0 61 1 25
 4 91 1 38 1 44 0 12
 5 60 1 35 1 63 0 10
 6 100 1 33 0 38 1 21
 7 96 1 36 1 52 0 21
 8 45 0 36 1 51 0 24
 9 106 0 51 1 64 1 18
 10 67 0 28 0 48 1 26
 60 2508405
 587 233 220
 10
 1 70 1 57 0 78 1 14
 2 56 0 59 1 102 1 11
 3 63 0 39 1 69 1 19
 4 89 0 66 0 27 1 13
 5 116 1 35 1 65 0 13
 6 97 1 38 0 59 1 12
 7 108 1 99 0 38 1 11
 8 58 1 33 0 61 0 9
 9 63 0 51 1 75 1 10
 10 105 1 36 1 40 1 18
 61 2508505
 587 233 220
 10
 1 67 1 66 0 112 0 6
 2 56 0 58 1 84 1 6
 3 98 1 82 0 25 0 15
 4 71 0 37 1 70 0 13
 5 71 1 72 1 112 0 6
 6 70 1 57 0 84 1 12
 7 72 0 33 1 42 1 12
 8 78 0 74 1 81 1 10
 9 40 0 20 0 36 1 14
 10 76 0 42 1 75 0 26
 62 2508605
 587 233 220
 10
 1 63 1 52 1 68 1 13
 2 97 1 35 0 54 0 8
 3 92 0 47 0 78 1 10
 4 101 0 50 0 57 1 9
 5 73 0 51 1 97 1 12
 6 44 0 42 1 66 0 9
 7 40 0 38 1 42 1 15
 8 91 1 64 0 109 1 15
 9 92 1 27 1 37 1 10
 10 46 1 40 0 53 1 30
 63 2508705
 587 233 220
 10
 1 77 1 61 1 81 0 7
 2 54 0 53 1 58 0 12
 3 66 1 63 0 107 1 6
 4 72 1 28 0 37 1 6
 5 85 1 78 1 26 1 9
 6 85 1 65 0 103 1 15
 7 88 1 45 0 50 1 10
 8 36 1 33 0 48 0 8
 9 56 1 54 1 92 1 4
 10 79 1 59 1 97 1 19
 64 2508805
 587 233 220
 10
 1 115 0 53 1 19 1 17
 2 84 0 48 0 93 1 10
 3 116 1 27 1 41 1 9
 4 97 1 40 1 70 0 6
 5 76 1 64 1 82 1 19
 6 99 1 84 1 29 1 7
 7 55 1 49 0 58 1 11
 8 51 1 33 0 53 0 16
 9 74 1 65 1 116 0 10
 10 65 1 50 1 67 0 16
 65 2508905
 587 233 220
 10
 1 57 1 25 0 53 1 7
 2 44 0 38 0 50 1 14
 3 34 0 25 0 48 1 17
 4 103 0 53 0 77 1 16
 5 83 0 42 1 73 1 15
 6 50 1 38 1 56 0 18
 7 110 0 50 1 68 0 10
 8 76 0 71 1 82 0 18
 9 81 0 61 1 23 1 15
 10 72 1 22 1 36 0 32
 66 2509005
 587 233 220
 10
 1 85 0 31 1 43 0 15
 2 65 0 47 0 87 1 10
 3 69 0 45 0 83 1 11
 4 76 0 30 1 53 0 11
 5 78 0 64 0 89 1 5
 6 117 0 52 1 79 1 10
 7 70 0 54 1 77 0 11
 8 91 1 64 1 93 1 9
 9 42 0 41 0 49 1 6
 10 83 1 52 1 89 0 15
 67 2509105
 587 233 220
 10
 1 117 0 38 0 40 1 14
 2 93 1 34 1 43 1 15
 3 68 1 58 0 28 0 6
 4 48 1 38 0 69 1 17
 5 56 0 49 1 91 1 17
 6 85 1 39 0 70 1 19
 7 88 1 37 1 52 1 16
 8 118 0 35 1 48 1 17
 9 94 0 34 1 58 0 25
 10 91 1 58 1 26 1 24
 68 2509205
 587 233 220
 10
 1 45 1 36 0 60 0 8
 2 44 1 42 0 74 0 7
 3 48 0 50 0 68 1 10
 4 110 1 52 1 93 1 9
 5 93 0 30 0 42 1 12
 6 62 0 59 1 84 1 7
 7 94 0 54 1 96 0 10
 8 44 0 30 1 50 1 15
 9 76 0 63 1 100 1 7
 10 114 0 58 1 98 1 14
 69 2509305
 587 233 220
 10
 1 93 0 33 1 48 1 19
 2 123 1 39 0 64 1 16
 3 77 1 72 0 33 0 10
 4 82 1 77 0 34 0 16
 5 93 1 71 1 34 0 15
 6 96 1 28 1 32 1 16
 7 54 1 28 1 59 1 11
 8 70 0 62 1 77 1 16
 9 112 1 86 1 28 1 15
 10 88 0 28 1 31 1 26
 70 2509405
 587 233 220
 10
 1 58 1 29 0 33 0 8
 2 88 1 41 1 69 0 10
 3 92 0 90 1 30 0 8
 4 57 0 52 1 75 0 15
 5 118 1 98 0 45 0 16
 6 92 1 37 0 53 1 13
 7 103 1 38 1 60 1 13
 8 86 1 58 1 86 0 7
 9 69 1 41 0 81 1 12
 10 55 1 37 0 59 1 19
 71 2509505
 587 233 220
 10
 1 63 0 59 1 98 0 21
 2 116 0 37 1 43 0 15
 3 76 1 52 0 92 1 8
 4 114 1 37 1 53 0 9
 5 107 1 21 1 28 1 11
 6 68 0 54 1 79 1 12
 7 64 1 50 0 70 1 15
 8 99 0 34 0 44 1 12
 9 60 0 43 1 60 0 11
 10 114 1 34 1 46 1 20
 72 2509605
 587 233 220
 10
 1 96 1 70 0 94 1 9
 2 58 1 37 0 72 1 11
 3 70 1 57 0 111 1 9
 4 91 0 81 1 35 0 11
 5 94 0 33 1 59 0 11
 6 39 0 39 1 68 1 15
 7 56 1 35 1 61 0 12
 8 30 1 30 1 53 1 15
 9 104 1 45 1 74 1 13
 10 65 0 55 1 78 0 20
 73 2509705
 587 233 220
 10
 1 93 0 38 1 70 1 8
 2 104 1 96 0 35 0 13
 3 112 1 31 1 40 1 9
 4 76 0 59 1 72 0 12
 5 83 0 34 1 36 1 12
 6 85 0 65 0 101 1 12
 7 67 0 68 1 90 1 8
 8 68 1 50 1 73 0 16
 9 62 1 29 1 32 0 8
 10 45 1 37 1 64 1 26
 74 2509805
 587 233 220
 10
 1 77 0 67 0 90 1 8
 2 47 1 31 0 53 1 6
 3 92 0 36 1 51 0 9
 4 118 0 52 1 55 0 11
 5 79 0 77 1 37 0 8
 6 94 0 73 1 23 0 7
 7 68 0 57 1 75 0 11
 8 71 0 60 1 91 0 4
 9 115 0 91 1 48 0 14
 10 74 1 68 1 100 0 11
 75 2509905
 587 233 220
 10
 1 101 1 84 1 24 1 13
 2 96 0 72 0 28 1 16
 3 70 0 45 1 80 0 19
 4 89 1 36 0 36 1 17
 5 54 1 41 1 65 1 10
 6 46 0 37 1 46 1 16
 7 88 0 72 1 104 1 5
 8 93 0 33 0 47 1 17
 9 79 0 63 1 87 1 9
 10 71 1 42 1 78 0 22
 76 2510005
 587 233 220
 10
 1 81 1 30 1 43 1 12
 2 96 0 28 0 43 1 8
 3 60 0 32 1 64 0 10
 4 79 0 63 1 95 0 13
 5 61 1 28 0 43 1 7
 6 103 0 53 1 73 0 14
 7 73 1 70 0 93 1 12
 8 107 1 32 0 47 0 14
 9 67 0 47 1 80 0 9
 10 88 1 39 0 75 1 16
 77 2510105
 587 233 220
 10
 1 75 1 71 1 36 1 24
 2 88 1 27 1 48 0 12
 3 53 0 44 1 69 1 19
 4 77 0 33 0 60 1 20
 5 49 0 47 0 63 1 18
 6 76 0 37 1 63 1 22
 7 76 1 25 1 34 0 18
 8 66 1 41 1 75 1 18
 9 100 1 36 1 51 0 16
 10 98 0 94 0 44 1 9
 78 2510205
 587 233 220
 10
 1 107 1 41 0 67 1 15
 2 73 1 25 1 36 0 20
 3 77 1 70 0 27 0 20
 4 99 0 40 0 53 1 11
 5 40 0 42 1 48 0 10
 6 58 1 54 1 82 1 18
 7 93 0 71 1 37 0 18
 8 62 1 63 0 85 1 13
 9 52 1 39 0 69 0 14
 10 82 0 61 1 24 0 25
 79 2510305
 587 233 220
 10
 1 48 1 47 1 66 0 19
 2 76 1 21 1 25 0 32
 3 86 1 88 0 34 0 21
 4 83 1 34 1 68 0 24
 5 77 1 30 0 53 1 17
 6 117 1 94 1 22 0 23
 7 53 0 45 0 77 1 19
 8 79 1 28 1 45 0 18
 9 65 0 27 0 33 1 18
 10 33 0 34 1 52 1 34
 80 2510405
 587 233 220
 10
 1 57 0 56 1 78 0 12
 2 122 1 52 1 20 1 11
 3 68 1 55 0 105 0 9
 4 96 0 39 1 59 1 17
 5 108 0 58 1 58 0 15
 6 89 1 33 1 48 0 15
 7 112 0 52 1 81 0 12
 8 100 1 28 1 49 0 9
 9 90 1 84 0 22 1 11
 10 92 1 20 0 38 0 30
 81 2510505
 587 233 220
 10
 1 108 0 57 0 60 1 8
 2 75 1 73 0 76 1 7
 3 115 1 52 1 73 0 9
 4 101 0 38 1 76 1 9
 5 108 1 34 1 61 0 10
 6 60 1 49 1 69 0 14
 7 76 0 65 1 84 0 8
 8 75 0 65 1 118 1 7
 9 76 0 37 1 55 1 7
 10 56 0 50 1 58 1 25
 82 2510605
 587 233 220
 10
 1 51 0 48 0 68 1 16
 2 117 1 81 0 28 1 13
 3 121 0 33 1 34 0 13
 4 72 1 54 1 21 0 11
 5 74 1 67 1 90 0 15
 6 65 0 34 1 33 0 12
 7 75 1 21 0 34 0 16
 8 62 0 48 1 85 0 17
 9 107 0 53 1 59 1 14
 10 117 1 54 0 25 0 24
 83 2510705
 587 233 220
 10
 1 72 0 48 1 81 1 14
 2 61 1 56 1 74 0 15
 3 93 1 42 0 59 1 13
 4 40 1 35 0 64 1 10
 5 65 0 48 1 81 1 14
 6 76 0 56 1 92 0 12
 7 91 1 79 0 23 1 11
 8 70 0 29 1 42 0 8
 9 70 1 47 0 70 0 17
 10 62 1 60 0 87 1 11
 84 2510805
 587 233 220
 10
 1 111 0 41 0 77 1 11
 2 80 1 75 1 109 1 13
 3 74 0 53 1 74 0 16
 4 107 1 87 1 40 1 13
 5 72 1 70 0 22 0 16
 6 91 0 67 1 20 0 16
 7 93 1 57 0 26 0 6
 8 86 1 27 1 48 1 10
 9 35 0 23 1 36 1 13
 10 75 1 29 1 50 0 20
 85 2510905
 587 233 220
 10
 1 53 0 21 1 38 1 17
 2 69 1 31 1 53 1 9
 3 55 1 36 0 58 0 14
 4 73 1 75 0 23 1 8
 5 64 0 62 1 78 1 13
 6 39 1 32 0 41 1 13
 7 111 0 95 1 26 1 12
 8 76 0 62 1 111 1 10
 9 100 0 93 1 39 1 8
 10 78 1 60 0 107 1 19
 86 2511005
 587 233 220
 10
 1 88 1 28 0 34 0 16
 2 69 1 59 0 96 0 15
 3 56 0 37 1 71 0 16
 4 54 0 48 1 61 1 14
 5 79 1 37 0 55 1 13
 6 107 1 49 0 68 0 11
 7 75 1 28 0 32 1 15
 8 84 1 40 1 58 0 15
 9 55 1 56 0 87 0 17
 10 87 0 80 1 35 0 15
 87 2511105
 587 233 220
 10
 1 117 0 28 1 36 1 11
 2 71 1 48 1 87 0 12
 3 80 0 81 1 101 1 13
 4 104 1 32 0 42 0 9
 5 72 0 46 1 79 0 10
 6 71 0 63 0 31 1 12
 7 37 1 31 1 41 1 12
 8 61 0 26 0 41 1 2
 9 74 1 75 0 117 0 10
 10 95 1 42 1 64 1 15
 88 2511205
 587 233 220
 10
 1 101 0 40 1 59 1 11
 2 89 0 36 1 67 1 19
 3 92 0 80 0 39 1 17
 4 89 0 81 1 23 0 18
 5 88 0 38 1 53 0 20
 6 55 0 45 1 74 1 13
 7 88 1 34 1 48 1 20
 8 76 0 27 0 45 1 15
 9 75 0 60 0 29 1 14
 10 98 1 26 1 38 1 36
 89 2511305
 587 233 220
 10
 1 95 1 89 0 45 0 7
 2 60 1 41 0 62 0 11
 3 65 1 62 1 105 0 8
 4 67 0 54 1 73 0 5
 5 114 1 87 0 27 0 12
 6 97 1 82 1 109 0 11
 7 53 1 37 1 58 1 6
 8 77 0 62 1 101 1 6
 9 45 1 41 1 42 1 9
 10 68 0 36 1 68 0 24
 90 2511405
 587 233 220
 10
 1 93 1 35 0 51 1 9
 2 82 0 63 1 87 1 10
 3 113 1 43 0 81 0 9
 4 113 0 45 0 55 1 5
 5 94 1 68 0 115 0 6
 6 82 1 33 1 40 1 11
 7 112 0 39 1 69 1 9
 8 122 1 59 1 78 1 13
 9 99 0 59 0 31 1 4
 10 41 1 35 0 45 0 43
 91 2511505
 587 233 220
 10
 1 66 0 60 1 82 0 6
 2 37 0 34 0 64 1 13
 3 32 0 27 1 41 0 10
 4 84 0 25 0 35 1 8
 5 97 1 94 0 40 0 16
 6 51 0 45 1 66 0 10
 7 76 1 38 0 77 1 17
 8 40 0 25 0 46 1 15
 9 78 0 57 1 95 0 16
 10 71 0 53 0 92 1 21
 92 2511605
 587 233 220
 10
 1 81 1 62 0 99 0 7
 2 62 0 58 1 76 0 10
 3 89 1 42 1 61 0 8
 4 66 1 60 1 86 1 11
 5 93 1 80 1 93 0 15
 6 122 0 64 1 28 0 5
 7 90 0 35 1 39 0 7
 8 69 1 26 0 43 0 10
 9 113 0 79 0 31 1 9
 10 58 1 47 0 62 1 16
 93 2511705
 587 233 220
 10
 1 77 0 36 1 69 0 5
 2 91 0 56 0 112 1 8
 3 65 1 52 1 20 1 9
 4 118 0 49 1 69 1 5
 5 79 1 56 1 99 0 7
 6 80 1 50 0 90 1 4
 7 92 1 86 1 41 1 10
 8 72 0 63 0 89 1 13
 9 64 0 49 1 80 0 5
 10 76 1 68 1 123 1 12
 94 2511805
 587 233 220
 10
 1 74 0 66 1 77 1 12
 2 58 1 39 1 64 1 17
 3 53 1 41 0 62 1 17
 4 92 1 29 0 53 1 15
 5 76 1 27 0 32 0 20
 6 74 0 61 1 90 1 13
 7 44 0 29 0 54 1 10
 8 79 0 58 1 105 1 14
 9 51 0 42 1 60 0 13
 10 75 1 49 0 85 0 9
 95 2511905
 587 233 220
 10
 1 102 1 71 1 19 1 16
 2 112 1 54 0 65 0 15
 3 78 1 35 0 60 0 18
 4 72 1 34 1 61 0 18
 5 69 0 61 0 31 1 23
 6 31 1 29 1 37 0 19
 7 105 1 38 1 47 1 14
 8 105 1 35 0 40 0 19
 9 103 0 82 1 38 1 13
 10 83 1 58 0 22 1 29
 96 2512005
 587 233 220
 10
 1 65 1 25 0 43 0 18
 2 59 0 54 1 96 1 11
 3 89 0 85 1 22 0 10
 4 88 0 35 0 50 1 17
 5 46 1 33 1 57 0 10
 6 97 0 44 1 62 0 14
 7 49 1 47 1 75 0 12
 8 54 1 24 0 40 1 21
 9 62 1 26 0 36 0 10
 10 116 0 55 1 86 1 23
 97 2512105
 587 233 220
 10
 1 76 1 31 0 63 1 14
 2 98 1 42 0 50 1 13
 3 100 1 42 1 77 1 14
 4 100 0 72 1 29 1 14
 5 39 1 23 0 43 1 16
 6 68 1 63 1 26 0 12
 7 54 0 35 1 53 0 11
 8 73 0 63 1 80 0 14
 9 114 0 51 1 89 1 11
 10 100 0 80 1 26 1 19
 98 2512205
 587 233 220
 10
 1 105 1 40 0 54 1 13
 2 51 1 46 0 66 1 16
 3 65 1 59 0 104 1 13
 4 65 1 52 1 73 1 13
 5 41 1 38 0 65 0 6
 6 49 1 40 0 79 1 8
 7 64 1 53 1 88 0 11
 8 77 1 58 1 100 0 13
 9 78 1 67 0 79 1 9
 10 50 1 29 0 61 0 18
 99 2512305
 587 233 220
 10
 1 45 0 44 1 52 0 26
 2 98 0 45 0 97 1 13
 3 116 0 23 1 41 1 9
 4 38 0 32 1 50 0 13
 5 117 0 40 0 42 1 9
 6 85 0 74 1 102 1 13
 7 55 1 54 1 75 0 12
 8 120 0 100 0 38 1 7
 9 59 1 49 1 21 1 12
 10 102 0 30 1 37 1 29
 100 2512405
 587 233 220
 10
 1 48 0 45 1 78 0 9
 2 43 0 44 1 48 1 14
 3 95 1 37 1 45 0 12
 4 99 0 89 1 30 1 11
 5 111 1 49 0 78 0 15
 6 78 1 27 0 36 1 18
 7 80 0 56 0 106 1 16
 8 40 1 23 1 45 0 20
 9 102 0 37 1 49 0 10
 10 60 0 48 1 77 0 20
