100
 1 2502505
 587 233 220
 40
 1 106 1 75 0 29 1 1
 2 110 0 24 0 44 1 4
 3 83 1 56 0 96 1 1
 4 84 1 29 0 35 1 2
 5 96 0 70 1 120 0 4
 6 111 0 47 1 72 0 0
 7 94 0 47 1 70 1 2
 8 93 0 65 1 31 1 6
 9 88 1 83 1 29 0 4
 10 72 1 25 0 31 1 5
 11 34 1 25 0 38 1 2
 12 69 1 59 1 93 1 2
 13 25 0 24 0 32 1 6
 14 97 1 26 0 27 1 6
 15 99 0 43 1 85 0 3
 16 41 1 40 0 41 0 2
 17 74 0 67 1 102 0 2
 18 43 1 38 0 52 0 3
 19 103 1 81 0 33 0 3
 20 78 1 44 1 87 0 2
 21 77 1 30 1 58 1 2
 22 82 0 61 0 96 1 2
 23 34 0 34 1 56 0 3
 24 95 0 47 1 101 1 2
 25 84 0 68 1 29 0 6
 26 77 0 68 1 29 0 1
 27 57 1 40 0 63 1 1
 28 119 0 59 1 21 1 4
 29 91 0 31 1 32 1 6
 30 89 1 87 0 26 1 4
 31 105 1 45 0 67 0 5
 32 120 1 20 0 25 0 1
 33 46 0 40 1 60 1 2
 34 121 1 27 0 29 1 2
 35 102 1 26 0 50 1 3
 36 63 0 59 1 25 1 1
 37 64 0 57 1 91 0 7
 38 64 1 51 0 76 1 2
 39 34 1 31 0 61 0 4
 40 124 0 95 1 37 1 14
 2 2502605
 587 233 220
 40
 1 48 1 22 1 25 0 2
 2 49 1 39 0 60 1 5
 3 77 0 67 1 98 0 1
 4 70 1 65 1 100 0 1
 5 109 1 26 0 47 1 3
 6 80 0 74 1 87 0 2
 7 37 0 32 0 47 1 1
 8 82 0 75 1 38 0 5
 9 50 1 47 1 75 0 0
 10 92 0 32 0 42 1 1
 11 97 0 43 1 54 1 8
 12 70 0 23 1 37 1 3
 13 49 1 40 1 64 0 1
 14 73 0 65 0 79 1 3
 15 41 1 42 0 76 0 3
 16 103 0 85 1 25 1 2
 17 98 1 39 1 72 1 2
 18 78 0 45 1 87 0 2
 19 61 1 57 1 74 1 4
 20 69 1 64 1 85 1 3
 21 36 0 29 1 39 1 3
 22 48 0 40 1 63 1 1
 23 44 0 40 1 60 0 3
 24 100 0 79 0 20 1 2
 25 76 1 57 0 79 0 4
 26 75 0 36 0 64 1 0
 27 53 0 45 1 63 0 1
 28 63 0 38 1 77 1 3
 29 106 0 44 1 80 0 1
 30 84 1 62 1 92 0 1
 31 82 0 28 0 49 1 6
 32 104 1 31 0 57 1 1
 33 68 0 59 0 86 1 5
 34 78 1 71 0 101 0 4
 35 78 1 30 1 59 1 6
 36 76 1 20 0 25 1 1
 37 91 0 71 1 100 1 3
 38 91 1 87 0 42 0 4
 39 100 1 30 0 50 1 1
 40 114 1 20 1 25 1 95
 3 2502705
 587 233 220
 40
 1 98 1 85 0 27 1 1
 2 102 0 79 1 41 1 0
 3 115 1 38 0 47 1 3
 4 53 1 42 0 64 1 2
 5 98 1 26 0 31 1 1
 6 100 0 34 1 58 1 3
 7 88 1 41 0 49 1 4
 8 61 0 54 1 102 1 4
 9 66 1 56 1 108 1 6
 10 59 1 41 0 76 1 0
 11 65 1 66 1 75 1 2
 12 86 0 40 1 66 0 1
 13 61 1 55 0 96 0 3
 14 64 1 32 0 50 1 2
 15 79 1 35 1 53 1 2
 16 67 1 65 1 73 1 3
 17 74 0 72 1 90 0 3
 18 122 0 38 1 63 1 3
 19 96 1 33 1 41 1 0
 20 89 0 31 1 49 0 1
 21 62 1 43 0 19 1 3
 22 71 0 57 0 78 1 2
 23 55 1 50 1 58 0 1
 24 59 1 51 0 95 0 6
 25 45 0 47 1 64 0 4
 26 82 0 70 0 35 1 1
 27 82 1 36 0 50 1 2
 28 63 1 44 1 69 1 1
 29 119 1 45 0 56 1 3
 30 113 1 80 1 32 0 1
 31 74 1 35 0 62 1 4
 32 85 1 85 0 41 0 0
 33 109 1 83 0 39 1 7
 34 90 1 37 1 65 0 2
 35 101 1 36 1 48 0 1
 36 96 1 96 1 36 1 4
 37 80 1 47 0 102 1 1
 38 73 1 34 1 43 0 3
 39 70 1 28 0 36 1 2
 40 122 1 70 0 33 1 25
 4 2502805
 587 233 220
 40
 1 108 0 88 1 33 0 2
 2 38 1 27 0 51 0 3
 3 34 1 29 1 56 0 1
 4 97 1 30 1 36 0 1
 5 93 0 34 0 61 1 6
 6 125 1 39 1 60 0 2
 7 53 1 51 1 54 1 1
 8 73 0 34 1 43 0 2
 9 66 0 43 1 77 0 3
 10 112 0 48 1 51 1 6
 11 86 0 24 1 46 0 1
 12 99 1 57 1 94 1 1
 13 74 1 58 1 78 1 5
 14 97 1 47 0 84 1 8
 15 33 0 33 0 39 1 1
 16 37 1 33 1 60 0 1
 17 82 0 75 0 38 1 2
 18 67 1 34 0 33 1 1
 19 101 0 48 1 68 0 5
 20 93 1 33 0 54 1 0
 21 62 1 49 0 90 1 3
 22 110 1 39 1 57 0 3
 23 63 0 56 1 62 0 4
 24 96 1 24 1 45 0 4
 25 95 1 37 0 56 1 2
 26 65 0 56 0 64 1 2
 27 96 0 38 1 44 0 6
 28 84 1 79 0 99 0 2
 29 96 1 68 1 34 0 3
 30 73 0 35 0 64 1 4
 31 97 0 36 1 52 1 1
 32 73 1 33 0 51 1 3
 33 61 1 32 1 37 1 1
 34 74 0 54 1 78 0 3
 35 53 0 42 1 80 1 2
 36 122 1 53 1 97 1 2
 37 89 0 25 1 24 0 3
 38 80 0 37 1 58 0 3
 39 26 1 22 0 42 0 6
 40 116 0 41 0 53 1 22
 5 2502905
 587 233 220
 40
 1 91 1 38 0 54 0 0
 2 97 0 36 1 54 1 0
 3 85 0 42 0 77 1 4
 4 76 0 75 1 100 0 3
 5 82 0 35 0 41 1 4
 6 92 0 55 0 21 1 4
 7 113 0 54 1 60 1 4
 8 97 0 29 1 54 1 1
 9 34 0 33 0 33 1 3
 10 81 1 60 0 83 0 2
 11 111 1 25 1 38 0 4
 12 72 0 31 1 36 1 7
 13 97 0 97 0 29 1 0
 14 68 1 35 0 56 0 4
 15 106 0 75 1 27 1 4
 16 98 1 42 0 89 0 5
 17 72 1 66 0 78 1 4
 18 112 0 81 0 28 1 3
 19 76 0 46 0 78 1 2
 20 90 1 74 0 99 0 4
 21 48 1 43 0 57 1 4
 22 56 1 50 1 67 1 7
 23 68 1 62 1 73 0 6
 24 108 1 56 1 28 1 2
 25 64 0 24 1 43 1 3
 26 61 0 25 1 40 0 1
 27 89 1 41 0 57 1 1
 28 85 1 39 0 67 0 2
 29 60 1 44 1 21 0 3
 30 48 0 35 0 63 1 4
 31 102 1 80 1 37 1 1
 32 59 1 57 1 62 1 4
 33 58 0 31 1 60 1 0
 34 45 0 41 1 64 0 6
 35 91 1 47 0 48 0 1
 36 96 1 44 0 73 1 2
 37 30 0 28 1 44 1 4
 38 76 0 36 1 59 1 2
 39 100 0 71 0 24 1 6
 40 113 0 36 0 45 1 25
 6 2503005
 587 233 220
 40
 1 88 0 45 1 87 1 1
 2 85 1 33 0 43 0 2
 3 52 1 37 0 72 1 6
 4 59 1 51 1 74 1 5
 5 77 1 39 1 81 0 5
 6 62 1 44 0 69 1 5
 7 70 1 56 1 72 0 5
 8 78 0 79 0 36 1 1
 9 87 1 51 1 94 0 4
 10 49 1 48 0 63 1 2
 11 54 0 45 1 81 0 3
 12 70 1 27 1 42 1 3
 13 108 1 47 1 50 1 5
 14 109 0 46 1 81 1 4
 15 83 0 23 1 40 0 5
 16 61 0 30 1 58 0 3
 17 82 1 65 1 35 1 5
 18 59 1 50 1 22 1 1
 19 42 1 21 0 32 0 4
 20 108 1 39 0 76 0 4
 21 82 0 62 1 27 1 0
 22 90 1 35 1 51 0 4
 23 82 0 63 1 19 0 3
 24 102 1 88 1 29 0 5
 25 110 1 73 0 28 0 4
 26 71 1 62 0 75 0 3
 27 75 1 78 0 35 0 4
 28 93 0 35 0 58 1 4
 29 35 1 29 0 54 0 1
 30 60 1 63 1 70 0 2
 31 76 1 60 1 19 1 2
 32 87 1 44 0 68 1 3
 33 83 1 59 1 80 1 2
 34 78 0 37 1 52 0 3
 35 56 0 41 1 76 0 0
 36 97 0 64 1 26 0 0
 37 90 1 31 1 38 1 1
 38 75 0 27 1 26 0 1
 39 72 0 59 1 96 1 3
 40 119 0 50 1 22 0 39
 7 2503105
 587 233 220
 40
 1 122 1 52 1 79 1 1
 2 86 0 32 1 33 1 2
 3 56 0 50 1 65 1 7
 4 40 0 34 0 44 1 1
 5 53 1 43 0 66 1 2
 6 84 1 72 0 36 0 1
 7 77 1 35 1 59 0 2
 8 62 0 53 0 92 1 2
 9 69 1 52 1 82 1 1
 10 111 0 73 1 23 0 6
 11 65 1 57 1 75 0 1
 12 101 1 43 1 54 0 2
 13 92 1 31 1 63 1 2
 14 83 0 66 1 92 1 2
 15 77 1 64 0 76 0 3
 16 78 1 30 1 31 0 1
 17 60 0 64 1 91 0 2
 18 99 1 78 0 105 0 2
 19 62 1 59 0 101 0 2
 20 114 1 57 0 60 1 4
 21 70 1 67 1 36 0 0
 22 61 0 29 1 50 0 1
 23 86 1 58 1 29 1 6
 24 71 1 63 0 108 1 1
 25 75 1 67 0 95 1 4
 26 42 0 43 0 58 1 3
 27 63 0 32 0 36 1 3
 28 98 1 81 1 25 0 1
 29 61 1 45 1 73 1 6
 30 55 0 40 1 73 1 1
 31 57 1 50 0 62 0 5
 32 123 1 42 0 20 1 1
 33 103 1 24 1 25 1 4
 34 36 1 24 0 45 0 6
 35 58 1 43 0 86 1 2
 36 93 1 42 1 85 0 1
 37 39 1 33 1 43 1 5
 38 118 1 50 0 52 0 5
 39 98 1 44 1 47 0 4
 40 67 0 58 0 113 1 15
 8 2503205
 587 233 220
 40
 1 56 1 55 0 72 1 4
 2 39 0 29 1 60 1 1
 3 83 0 76 1 36 1 1
 4 101 0 71 1 99 1 2
 5 44 0 30 1 55 1 1
 6 96 0 102 0 32 1 2
 7 89 1 61 0 88 1 2
 8 118 0 44 0 78 1 2
 9 106 1 64 0 21 1 5
 10 77 0 53 1 83 1 3
 11 116 1 87 0 26 1 3
 12 58 0 37 1 69 0 3
 13 47 1 47 1 81 1 1
 14 51 0 47 0 66 1 2
 15 42 0 37 1 71 1 2
 16 85 0 60 1 89 1 1
 17 94 0 27 1 57 0 1
 18 70 1 49 1 76 1 3
 19 90 1 71 1 35 0 8
 20 32 1 22 0 39 0 4
 21 65 0 53 0 76 1 2
 22 66 0 27 0 51 1 1
 23 95 1 38 0 61 1 3
 24 113 1 35 1 56 1 1
 25 85 1 41 0 53 0 4
 26 75 0 51 1 88 0 5
 27 118 1 54 1 58 1 2
 28 37 1 33 0 60 1 3
 29 61 1 45 0 76 1 0
 30 74 0 52 1 84 1 3
 31 120 1 33 1 46 0 2
 32 100 0 72 1 32 0 2
 33 47 1 34 1 49 0 3
 34 84 1 77 0 110 0 3
 35 74 0 35 0 61 1 2
 36 91 1 62 0 97 1 1
 37 85 0 38 1 49 1 0
 38 70 1 67 0 76 0 4
 39 111 1 95 1 33 1 1
 40 112 1 54 1 64 0 16
 9 2503305
 587 233 220
 40
 1 70 0 61 0 93 1 2
 2 81 1 78 1 28 1 2
 3 97 1 82 1 41 1 0
 4 73 0 54 1 83 1 1
 5 53 0 43 0 66 1 5
 6 60 1 36 0 72 1 1
 7 58 1 55 0 94 1 2
 8 93 0 28 0 42 1 4
 9 52 0 39 0 76 1 1
 10 88 0 26 0 43 1 3
 11 90 1 29 1 46 0 1
 12 73 1 65 0 80 1 3
 13 82 1 35 0 59 1 1
 14 107 0 40 1 40 1 1
 15 72 1 71 1 110 1 2
 16 58 1 47 1 60 1 2
 17 103 0 49 0 56 1 1
 18 95 1 45 1 64 1 1
 19 49 1 43 1 77 1 0
 20 101 0 41 0 44 1 0
 21 95 1 79 1 35 0 3
 22 105 1 47 0 54 1 3
 23 109 0 48 0 60 1 2
 24 116 0 40 0 67 1 1
 25 91 1 45 0 74 1 0
 26 47 0 44 1 65 0 4
 27 110 1 47 1 72 1 3
 28 119 1 41 1 57 1 4
 29 80 1 71 1 96 0 2
 30 102 0 46 0 45 1 4
 31 94 1 90 1 31 0 3
 32 95 1 86 1 43 0 5
 33 70 1 55 1 82 0 0
 34 61 1 54 0 96 1 3
 35 71 1 42 0 78 0 1
 36 87 1 75 0 117 0 2
 37 42 0 35 1 56 1 2
 38 108 1 95 1 45 0 1
 39 80 0 76 1 95 1 4
 40 117 0 37 0 77 1 21
 10 2503405
 587 233 220
 40
 1 70 0 66 1 32 1 1
 2 114 1 25 0 33 1 5
 3 74 1 59 0 91 0 2
 4 47 0 33 1 61 1 1
 5 47 1 38 1 54 1 0
 6 55 1 43 0 80 0 1
 7 114 1 62 0 28 1 3
 8 77 0 34 1 65 0 2
 9 40 1 36 0 55 1 0
 10 100 0 59 1 107 0 3
 11 57 1 46 0 61 0 2
 12 101 1 91 1 32 0 1
 13 49 1 43 0 74 1 2
 14 92 1 75 1 25 1 2
 15 90 1 38 1 67 1 2
 16 118 0 29 0 33 1 2
 17 27 0 23 1 38 0 1
 18 96 0 40 1 58 0 1
 19 100 1 51 0 77 1 4
 20 68 0 44 1 83 1 3
 21 81 1 54 0 91 0 4
 22 45 0 44 0 20 1 3
 23 65 1 58 1 108 1 6
 24 117 1 101 0 39 0 2
 25 54 0 34 1 56 0 0
 26 41 1 21 1 36 1 1
 27 111 0 34 1 34 1 2
 28 80 1 47 1 80 1 2
 29 94 1 57 1 23 1 3
 30 112 1 38 0 80 0 2
 31 73 1 69 1 79 0 4
 32 52 1 54 0 69 0 0
 33 92 0 42 1 78 0 2
 34 88 1 55 1 98 1 1
 35 79 1 71 0 119 1 4
 36 89 1 33 0 48 1 3
 37 62 1 43 1 79 0 2
 38 61 0 40 1 71 1 5
 39 67 1 52 1 95 0 2
 40 116 1 79 1 24 1 28
 11 2503505
 587 233 220
 40
 1 65 1 64 1 75 1 0
 2 69 0 62 0 25 1 3
 3 84 1 59 1 103 1 3
 4 105 0 41 1 77 0 3
 5 114 1 59 1 23 0 1
 6 105 0 44 1 69 1 4
 7 68 1 36 0 69 1 6
 8 62 1 52 1 88 0 2
 9 96 0 71 0 26 1 0
 10 66 1 29 1 30 0 3
 11 75 1 37 1 64 1 3
 12 39 0 26 1 46 1 1
 13 77 1 63 1 95 1 2
 14 64 1 43 0 75 1 0
 15 74 1 58 1 72 0 4
 16 83 1 77 1 20 0 2
 17 31 1 33 0 52 0 5
 18 66 0 56 0 81 1 1
 19 72 1 26 1 33 1 1
 20 67 0 29 1 51 1 6
 21 83 1 58 0 98 1 4
 22 45 0 45 0 79 1 0
 23 64 1 65 0 33 1 3
 24 80 1 68 1 118 1 2
 25 109 0 48 1 21 0 4
 26 78 1 38 0 54 1 3
 27 101 0 55 0 103 1 3
 28 51 1 36 1 59 1 2
 29 105 0 30 0 36 1 1
 30 37 1 36 0 52 1 4
 31 58 0 46 0 57 1 4
 32 61 0 58 1 77 0 1
 33 97 0 44 1 69 0 2
 34 61 0 43 1 69 1 0
 35 84 0 38 1 72 1 4
 36 64 0 51 0 88 1 5
 37 115 0 47 1 69 1 1
 38 106 1 34 1 61 1 1
 39 116 1 55 0 90 0 2
 40 82 1 66 0 115 0 11
 12 2503605
 587 233 220
 40
 1 82 1 58 0 95 1 1
 2 107 0 84 0 22 1 2
 3 116 1 38 1 39 0 4
 4 80 0 54 0 97 1 5
 5 61 0 62 0 105 1 3
 6 81 1 68 1 78 0 1
 7 46 0 36 1 67 1 3
 8 109 0 43 1 74 1 2
 9 86 0 55 1 25 1 1
 10 38 1 36 0 64 0 1
 11 102 1 85 1 31 1 4
 12 62 0 39 1 67 1 2
 13 104 0 22 1 39 0 4
 14 98 1 38 0 56 1 2
 15 53 1 36 0 55 0 4
 16 52 0 51 0 65 1 4
 17 122 1 21 1 38 1 2
 18 35 0 34 0 48 1 1
 19 64 1 40 1 61 1 2
 20 54 1 46 1 57 0 2
 21 104 1 42 1 41 1 1
 22 116 1 43 1 74 0 0
 23 63 0 40 0 77 1 4
 24 121 1 45 0 65 1 3
 25 76 0 75 1 37 0 3
 26 53 1 27 0 35 0 2
 27 90 1 75 0 97 1 1
 28 62 0 57 1 112 1 6
 29 113 0 51 1 72 1 3
 30 53 1 23 1 29 0 0
 31 109 0 38 1 47 0 4
 32 75 1 31 0 43 1 1
 33 124 1 38 1 64 1 0
 34 99 0 33 1 57 0 3
 35 86 1 72 1 106 0 3
 36 84 1 64 0 87 1 0
 37 71 1 54 0 74 1 2
 38 60 0 55 1 86 0 2
 39 97 1 88 0 42 0 1
 40 115 1 55 1 91 1 13
 13 2503705
 587 233 220
 40
 1 55 1 24 0 36 1 3
 2 60 0 21 1 39 0 3
 3 99 1 38 1 63 0 1
 4 82 1 38 0 50 0 7
 5 102 0 35 1 62 1 5
 6 96 0 29 1 50 0 4
 7 68 0 57 1 93 0 1
 8 87 1 27 0 35 0 3
 9 117 1 43 1 77 1 7
 10 100 1 36 1 42 0 3
 11 76 1 30 1 47 1 4
 12 98 1 49 1 20 0 2
 13 74 1 32 0 38 1 1
 14 65 0 42 1 89 0 5
 15 75 0 33 1 52 1 1
 16 113 1 52 1 25 1 3
 17 111 1 38 1 49 0 3
 18 77 0 43 1 79 1 5
 19 102 1 92 0 40 1 3
 20 78 1 64 0 33 1 2
 21 112 0 72 1 24 0 4
 22 39 1 40 1 55 0 2
 23 63 1 47 0 25 0 2
 24 121 1 50 1 76 1 3
 25 98 0 34 0 64 1 1
 26 105 1 29 0 59 1 3
 27 90 1 79 0 30 1 3
 28 75 1 69 0 77 1 2
 29 46 1 34 0 60 1 3
 30 66 0 55 0 24 1 2
 31 88 0 22 1 30 1 4
 32 114 0 60 0 21 1 2
 33 64 0 49 1 93 0 5
 34 60 1 24 0 46 1 3
 35 95 1 39 0 65 0 7
 36 105 1 78 1 20 1 5
 37 109 1 54 1 81 1 2
 38 98 1 26 1 32 1 1
 39 86 0 28 1 59 1 7
 40 106 0 99 0 41 1 12
 14 2503805
 587 233 220
 40
 1 66 0 32 1 50 1 2
 2 81 0 62 1 105 0 0
 3 82 1 48 0 22 1 3
 4 78 1 63 1 112 1 3
 5 72 0 64 0 90 1 1
 6 114 0 35 1 53 0 3
 7 62 1 55 1 72 1 3
 8 78 1 35 1 55 1 1
 9 59 0 57 0 77 1 3
 10 59 1 51 0 68 1 1
 11 51 1 49 0 63 1 3
 12 40 0 37 0 57 1 2
 13 43 0 35 1 54 1 4
 14 37 1 30 0 61 0 1
 15 99 0 36 1 46 1 5
 16 85 1 39 1 73 1 3
 17 106 1 43 1 80 1 0
 18 114 0 35 1 54 0 4
 19 72 1 47 1 78 0 1
 20 87 1 39 0 71 1 2
 21 117 0 70 1 26 1 4
 22 95 1 40 0 64 1 3
 23 58 1 33 0 62 0 3
 24 125 1 33 1 49 0 2
 25 90 1 53 1 89 1 2
 26 115 0 76 0 32 1 2
 27 68 1 49 0 83 1 5
 28 78 1 35 1 44 0 1
 29 88 1 44 0 73 0 2
 30 98 1 77 1 28 1 0
 31 65 0 66 0 93 1 2
 32 103 0 90 0 32 1 3
 33 70 0 33 1 38 0 6
 34 74 1 29 0 31 0 4
 35 99 0 64 0 105 1 3
 36 126 1 77 0 39 1 3
 37 64 1 58 0 22 1 2
 38 54 1 44 1 59 1 1
 39 87 1 76 0 114 0 4
 40 107 1 25 0 32 1 71
 15 2503905
 587 233 220
 40
 1 100 1 36 0 44 0 7
 2 78 0 56 0 91 1 0
 3 58 1 43 1 67 0 3
 4 88 1 39 1 60 0 1
 5 66 0 50 1 83 0 3
 6 81 1 52 0 83 0 1
 7 72 0 71 0 113 1 3
 8 59 1 55 0 74 1 4
 9 50 1 40 0 73 1 3
 10 119 1 38 1 61 1 4
 11 76 1 71 0 115 0 1
 12 69 1 53 1 72 1 3
 13 73 1 62 0 75 0 0
 14 92 1 78 1 32 1 1
 15 70 0 44 1 82 1 4
 16 48 0 48 1 24 1 5
 17 98 0 46 1 47 1 2
 18 63 1 26 0 29 0 3
 19 54 1 40 0 74 0 1
 20 74 0 59 0 81 1 2
 21 125 1 50 1 56 1 3
 22 35 1 35 1 36 0 4
 23 63 1 40 1 68 0 3
 24 89 1 80 0 32 0 2
 25 49 1 39 0 75 1 3
 26 110 0 45 1 63 0 1
 27 70 1 56 1 84 0 1
 28 87 1 58 0 97 0 1
 29 60 0 56 1 27 1 2
 30 91 0 60 0 96 1 4
 31 53 0 39 0 73 1 3
 32 88 1 41 1 40 0 1
 33 58 0 57 1 92 0 2
 34 71 1 65 1 111 1 0
 35 53 1 28 0 38 1 2
 36 57 1 47 1 77 1 3
 37 113 1 61 1 29 0 1
 38 81 1 83 0 87 0 2
 39 89 0 65 1 92 1 2
 40 108 0 38 0 69 1 28
 16 2504005
 587 233 220
 40
 1 39 1 40 1 41 0 3
 2 96 1 39 1 77 0 7
 3 65 1 49 1 64 1 2
 4 103 0 37 1 58 0 0
 5 77 0 74 1 28 0 2
 6 58 0 41 1 64 0 0
 7 73 1 72 1 79 1 1
 8 92 0 43 1 71 1 2
 9 93 1 29 1 34 0 4
 10 73 1 66 1 88 0 4
 11 85 0 84 0 36 1 3
 12 79 1 69 1 99 1 2
 13 73 0 28 1 30 1 1
 14 67 1 62 1 78 0 3
 15 39 1 34 1 62 0 2
 16 93 0 68 1 110 0 4
 17 71 0 56 1 86 1 1
 18 102 1 72 0 25 1 1
 19 101 0 32 1 32 1 1
 20 82 0 58 1 24 1 1
 21 94 1 32 0 36 1 2
 22 72 1 34 1 62 0 1
 23 67 0 51 1 75 0 0
 24 78 0 33 1 52 1 1
 25 99 0 65 0 30 1 1
 26 105 1 88 0 37 0 4
 27 80 0 27 1 47 1 2
 28 79 1 69 1 100 1 3
 29 60 0 29 1 40 0 3
 30 110 1 85 0 33 0 6
 31 110 0 32 0 57 1 3
 32 66 0 53 1 74 0 3
 33 117 0 82 1 25 0 0
 34 98 0 36 1 51 0 2
 35 98 1 32 0 66 1 4
 36 76 1 68 0 78 0 4
 37 63 0 37 1 64 0 3
 38 40 1 27 0 46 0 5
 39 60 1 50 1 89 1 2
 40 107 1 45 1 57 1 22
 17 2504105
 587 233 220
 40
 1 72 0 35 1 51 0 5
 2 63 0 46 0 79 1 3
 3 76 1 21 1 29 1 2
 4 80 0 77 0 114 1 1
 5 66 1 63 0 76 1 3
 6 82 1 66 0 115 1 6
 7 87 1 75 0 37 0 4
 8 112 1 91 0 28 0 3
 9 97 0 43 0 60 1 4
 10 53 0 41 1 75 0 3
 11 50 0 31 1 61 1 2
 12 95 1 25 0 38 0 2
 13 89 0 42 1 68 0 1
 14 123 0 50 0 53 1 2
 15 68 0 35 1 41 1 3
 16 69 0 58 0 77 1 1
 17 78 1 38 0 61 1 5
 18 57 1 48 1 83 0 2
 19 67 0 61 1 73 1 1
 20 89 0 38 1 48 0 2
 21 45 1 44 0 75 0 2
 22 102 0 25 0 34 1 3
 23 65 1 59 0 89 0 5
 24 58 0 23 0 36 1 3
 25 66 1 55 0 81 0 1
 26 72 1 65 1 109 1 4
 27 75 0 34 1 49 1 0
 28 33 1 26 0 36 0 0
 29 71 0 52 1 71 1 3
 30 81 0 67 0 117 1 1
 31 82 1 43 1 80 0 5
 32 58 0 54 1 99 1 4
 33 48 1 29 0 53 0 0
 34 73 1 44 1 84 1 2
 35 40 1 34 0 45 1 2
 36 84 0 71 1 29 1 1
 37 101 1 43 0 68 1 2
 38 71 0 46 0 82 1 1
 39 87 1 34 0 41 1 4
 40 107 1 42 1 51 0 22
 18 2504205
 587 233 220
 40
 1 102 1 29 1 55 0 2
 2 85 1 74 1 96 0 1
 3 92 0 85 1 44 1 0
 4 60 1 63 0 90 1 4
 5 54 1 42 0 77 0 3
 6 96 0 92 1 27 0 3
 7 87 0 79 1 102 1 2
 8 71 1 34 1 41 1 2
 9 84 1 61 0 120 0 2
 10 79 1 73 0 112 1 2
 11 70 0 30 1 49 1 3
 12 74 1 31 1 39 1 1
 13 106 0 63 1 26 0 2
 14 83 1 28 0 35 1 2
 15 116 0 29 0 33 1 0
 16 46 1 43 0 43 0 0
 17 65 1 61 1 76 1 5
 18 94 0 78 0 100 1 1
 19 95 0 42 0 45 1 1
 20 101 1 67 0 104 0 2
 21 60 0 47 0 78 1 3
 22 48 1 32 0 51 1 1
 23 67 1 68 1 93 1 7
 24 41 1 38 0 59 0 3
 25 122 1 41 1 69 0 2
 26 104 1 33 0 40 1 1
 27 68 0 69 1 103 0 1
 28 93 0 36 0 55 1 3
 29 63 0 46 1 84 0 0
 30 72 0 36 0 42 1 4
 31 62 0 58 1 27 1 2
 32 52 0 39 0 71 1 4
 33 72 1 53 0 82 1 2
 34 68 1 34 0 41 1 0
 35 91 1 44 1 63 0 0
 36 105 0 42 1 72 0 4
 37 53 1 48 1 67 0 2
 38 73 1 32 1 36 1 2
 39 98 1 82 0 26 1 5
 40 102 1 59 0 26 1 46
 19 2504305
 587 233 220
 40
 1 58 0 27 0 46 1 4
 2 42 0 38 1 68 0 2
 3 73 1 64 1 98 0 2
 4 40 1 42 1 58 1 2
 5 77 1 41 0 86 0 5
 6 55 0 34 0 60 1 1
 7 54 0 19 1 33 1 2
 8 60 0 50 0 60 1 2
 9 75 0 74 1 81 1 0
 10 84 0 46 1 94 1 0
 11 92 1 67 0 23 1 2
 12 100 1 41 1 55 0 1
 13 77 0 61 1 125 0 3
 14 81 1 52 0 23 0 1
 15 90 0 67 1 25 1 6
 16 103 0 95 1 28 0 2
 17 63 0 36 0 69 1 4
 18 66 0 46 1 69 1 2
 19 104 1 45 1 22 0 3
 20 108 1 81 0 30 1 0
 21 39 0 32 1 57 1 1
 22 81 1 20 1 28 1 3
 23 80 1 71 1 108 1 3
 24 29 1 25 0 37 1 4
 25 81 0 60 1 28 1 7
 26 77 1 77 0 100 1 3
 27 92 1 61 1 26 0 0
 28 57 1 44 0 72 0 4
 29 92 0 76 0 97 1 1
 30 69 0 56 1 68 0 3
 31 85 1 31 0 45 0 1
 32 121 1 79 1 20 0 2
 33 90 0 45 0 74 1 2
 34 76 1 54 1 20 1 6
 35 39 0 31 1 48 0 3
 36 71 0 33 0 59 1 5
 37 74 0 51 1 96 0 3
 38 76 1 61 0 91 1 1
 39 75 1 72 0 80 0 6
 40 68 1 64 0 103 1 17
 20 2504405
 587 233 220
 40
 1 75 1 69 0 101 1 6
 2 68 0 70 1 82 1 4
 3 111 0 55 1 23 0 2
 4 95 0 21 1 33 1 3
 5 83 0 36 1 59 0 2
 6 73 1 35 1 52 0 7
 7 114 1 23 0 43 1 2
 8 66 1 43 1 85 1 3
 9 42 1 33 0 56 1 3
 10 100 0 49 1 84 0 2
 11 88 1 39 0 65 0 5
 12 55 1 39 1 73 0 2
 13 93 1 32 1 45 1 1
 14 118 0 49 0 67 1 1
 15 76 0 19 0 28 1 4
 16 71 1 65 1 72 0 4
 17 67 0 57 0 68 1 2
 18 87 0 39 1 62 1 2
 19 67 1 60 1 78 1 2
 20 109 1 56 1 65 0 2
 21 67 0 63 0 23 1 3
 22 119 1 25 0 46 0 1
 23 108 0 69 0 28 1 3
 24 85 1 42 1 63 0 1
 25 94 1 41 1 45 0 2
 26 91 1 46 1 52 1 5
 27 60 0 45 0 81 1 0
 28 111 0 34 0 52 1 1
 29 102 0 59 0 28 1 3
 30 67 0 40 0 72 1 2
 31 101 0 72 0 27 1 1
 32 99 0 32 1 32 1 1
 33 101 1 71 0 117 1 2
 34 46 0 39 0 71 1 3
 35 62 1 55 0 82 0 4
 36 68 0 48 1 78 1 2
 37 57 1 51 1 77 1 1
 38 111 1 26 1 43 0 6
 39 78 1 39 0 64 0 4
 40 73 0 57 1 109 1 13
 21 2504505
 587 233 220
 40
 1 93 1 73 1 112 1 1
 2 97 1 69 1 31 0 4
 3 115 0 35 0 46 1 3
 4 75 0 59 1 95 0 3
 5 111 0 87 1 33 1 2
 6 98 1 38 0 67 0 3
 7 70 1 54 0 24 0 0
 8 106 0 88 0 26 1 2
 9 98 1 42 1 46 1 1
 10 111 0 33 0 54 1 4
 11 39 0 34 0 57 1 1
 12 70 0 63 0 29 1 2
 13 59 1 48 0 60 1 1
 14 82 0 59 1 25 0 4
 15 68 0 52 1 81 0 1
 16 40 1 41 0 59 0 3
 17 72 0 33 0 53 1 3
 18 84 1 39 0 55 1 2
 19 34 0 32 1 39 0 1
 20 114 1 46 1 73 0 3
 21 71 0 69 1 98 0 0
 22 72 0 59 0 95 1 5
 23 124 0 36 1 69 1 1
 24 69 1 33 1 41 0 1
 25 102 0 78 1 38 1 0
 26 91 1 83 1 98 1 0
 27 68 1 54 0 65 1 1
 28 58 0 56 0 83 1 0
 29 114 0 27 1 41 0 1
 30 76 0 59 0 88 1 2
 31 67 1 53 0 73 0 4
 32 85 0 40 1 60 1 5
 33 45 1 37 0 49 1 3
 34 83 1 62 0 120 1 3
 35 64 1 32 1 30 0 3
 36 67 1 35 1 67 1 0
 37 83 0 66 0 95 1 6
 38 62 0 56 1 65 0 0
 39 108 1 47 0 81 0 2
 40 105 0 41 1 79 1 24
 22 2504605
 587 233 220
 40
 1 81 0 49 1 85 1 2
 2 65 0 48 1 74 0 2
 3 95 0 39 1 64 0 3
 4 59 0 44 1 65 1 2
 5 97 0 71 0 101 1 1
 6 73 1 65 0 83 0 4
 7 61 1 26 0 38 1 2
 8 73 0 33 0 31 1 4
 9 65 1 63 1 33 0 1
 10 74 1 24 0 38 0 1
 11 103 1 50 1 73 1 3
 12 106 0 47 1 76 0 2
 13 76 1 67 0 96 0 1
 14 46 1 40 1 73 0 5
 15 72 1 28 1 33 0 2
 16 103 1 95 1 45 1 4
 17 60 0 46 1 82 1 0
 18 55 1 52 1 84 0 3
 19 76 0 61 0 96 1 1
 20 34 1 30 1 40 1 3
 21 52 1 46 0 74 0 3
 22 97 0 101 1 39 1 1
 23 46 1 39 0 73 1 3
 24 54 1 45 0 62 0 3
 25 69 1 59 0 25 0 3
 26 73 1 53 0 83 1 2
 27 54 1 50 0 23 1 2
 28 67 0 46 1 72 0 5
 29 78 1 33 0 56 1 2
 30 95 1 45 1 55 0 2
 31 52 1 39 0 51 0 0
 32 75 0 52 0 85 1 0
 33 68 1 63 1 67 0 6
 34 98 0 52 1 51 1 2
 35 69 1 60 1 70 0 1
 36 63 1 50 1 85 1 5
 37 73 0 46 1 87 0 4
 38 85 1 83 1 111 1 1
 39 80 1 74 0 38 1 3
 40 107 1 89 0 27 1 29
 23 2504705
 587 233 220
 40
 1 87 1 84 0 22 0 2
 2 72 1 63 0 111 1 2
 3 80 1 24 1 48 0 3
 4 39 0 22 0 40 1 1
 5 97 1 100 0 46 0 5
 6 94 0 25 1 42 0 4
 7 86 1 68 0 27 1 1
 8 53 1 51 1 55 0 3
 9 97 1 76 1 114 1 4
 10 47 1 40 0 56 1 1
 11 79 0 68 1 26 0 8
 12 89 0 39 1 59 1 1
 13 83 0 54 0 22 1 1
 14 110 1 29 1 45 1 1
 15 66 0 64 1 101 1 1
 16 67 1 66 1 32 1 1
 17 87 1 28 0 36 0 1
 18 31 0 29 1 42 1 2
 19 66 1 48 1 91 1 2
 20 89 0 44 1 59 0 4
 21 80 1 85 1 32 0 3
 22 97 0 38 0 70 1 2
 23 58 0 47 1 74 0 3
 24 39 0 33 0 44 1 5
 25 79 1 57 1 113 1 1
 26 76 1 22 0 42 0 1
 27 45 0 45 1 44 0 4
 28 102 1 74 1 33 1 1
 29 43 0 42 1 68 0 1
 30 115 1 50 0 82 0 1
 31 111 0 102 1 38 0 1
 32 58 1 39 1 61 0 3
 33 97 1 85 0 32 1 2
 34 87 0 86 1 39 1 3
 35 115 1 75 0 27 0 5
 36 65 0 62 1 101 0 2
 37 82 0 77 1 89 0 2
 38 43 1 35 1 60 1 5
 39 74 1 44 1 23 0 2
 40 89 1 74 0 101 1 12
 24 2504805
 587 233 220
 40
 1 118 1 83 1 29 1 2
 2 68 0 61 0 97 1 2
 3 57 1 45 1 60 0 1
 4 99 1 62 1 96 1 3
 5 101 0 89 1 23 0 0
 6 109 1 33 0 51 0 2
 7 78 1 29 0 57 1 0
 8 71 0 39 1 71 1 2
 9 84 0 84 1 37 1 0
 10 99 0 53 0 27 1 3
 11 93 1 43 0 54 0 1
 12 77 1 72 0 98 1 5
 13 100 0 90 1 38 1 0
 14 75 0 76 1 98 0 1
 15 84 0 64 0 27 1 3
 16 81 1 35 1 38 1 0
 17 123 1 57 0 85 1 2
 18 76 0 40 1 73 0 1
 19 37 1 26 0 45 1 2
 20 75 0 49 0 23 1 1
 21 90 0 40 1 72 0 1
 22 92 1 79 1 33 0 1
 23 62 0 56 1 70 0 1
 24 66 1 49 0 98 1 2
 25 67 0 48 0 73 1 2
 26 77 0 54 1 89 0 4
 27 39 1 34 1 60 0 1
 28 74 1 52 1 83 1 3
 29 80 0 52 0 85 1 1
 30 44 0 37 1 54 0 2
 31 85 1 83 1 94 1 2
 32 70 0 39 1 67 1 1
 33 107 0 40 1 59 0 2
 34 73 1 32 0 58 0 3
 35 69 0 61 1 77 0 4
 36 63 1 22 0 32 1 1
 37 92 1 24 0 39 1 1
 38 73 0 55 1 100 1 0
 39 77 0 73 0 111 1 3
 40 104 0 58 1 104 0 15
 25 2504905
 587 233 220
 40
 1 77 1 34 1 53 0 5
 2 106 1 50 1 63 0 2
 3 67 1 40 0 69 0 4
 4 73 0 46 0 79 1 1
 5 76 1 62 0 27 0 3
 6 73 1 50 1 79 1 3
 7 105 0 90 0 32 1 4
 8 90 0 85 0 24 1 6
 9 54 1 48 0 67 1 0
 10 64 0 63 0 64 1 2
 11 119 1 33 1 57 0 1
 12 102 0 33 1 36 0 3
 13 113 0 50 1 55 0 1
 14 58 0 39 1 71 1 5
 15 63 1 61 1 62 0 2
 16 87 1 65 1 94 1 2
 17 112 1 93 0 24 1 2
 18 114 1 34 0 50 1 1
 19 72 1 63 1 100 0 4
 20 55 1 45 0 56 0 3
 21 72 0 56 0 91 1 1
 22 96 0 61 1 114 0 3
 23 70 1 66 0 71 1 3
 24 50 0 42 1 75 1 2
 25 39 0 35 0 56 1 2
 26 74 0 60 1 28 1 1
 27 99 1 22 0 35 0 2
 28 88 1 37 1 76 1 3
 29 66 1 31 0 59 0 2
 30 49 1 22 0 38 0 3
 31 64 0 60 1 68 1 4
 32 98 1 77 1 120 0 2
 33 64 1 23 0 39 0 4
 34 93 0 62 0 20 1 2
 35 110 0 84 1 27 1 4
 36 54 1 40 1 60 1 0
 37 92 1 78 1 29 1 2
 38 76 1 35 0 49 0 2
 39 76 1 57 0 77 1 4
 40 101 0 30 1 43 1 45
 26 2505005
 587 233 220
 40
 1 84 1 42 1 74 0 4
 2 58 1 61 1 77 1 6
 3 97 1 84 0 28 0 2
 4 62 1 25 0 44 0 4
 5 67 1 30 0 37 0 4
 6 53 0 35 1 65 1 1
 7 95 1 74 1 35 1 4
 8 112 0 75 1 28 1 4
 9 70 1 54 0 105 1 2
 10 73 0 33 1 34 0 4
 11 79 0 52 0 86 1 2
 12 46 0 42 1 53 1 2
 13 87 0 43 0 71 1 1
 14 99 0 44 1 49 0 1
 15 56 1 26 0 42 0 0
 16 63 1 51 0 60 0 5
 17 106 1 49 1 98 0 8
 18 93 1 65 1 27 0 1
 19 69 0 28 1 39 0 2
 20 65 1 41 0 66 1 3
 21 104 1 24 0 39 1 2
 22 89 1 56 1 25 0 2
 23 73 0 74 1 21 1 2
 24 61 1 52 1 71 1 6
 25 95 1 91 1 42 0 6
 26 64 0 33 1 58 1 7
 27 125 1 92 1 41 1 1
 28 94 1 96 1 33 1 0
 29 73 1 26 0 42 0 1
 30 54 0 33 0 62 1 2
 31 44 1 41 1 49 0 3
 32 97 0 28 1 46 0 6
 33 64 0 52 0 85 1 0
 34 61 1 48 0 74 1 2
 35 61 0 55 1 85 0 5
 36 59 0 58 1 69 0 3
 37 96 1 32 0 35 1 4
 38 89 1 62 0 26 0 3
 39 53 1 46 0 70 1 2
 40 95 0 27 0 38 1 54
 27 2505105
 587 233 220
 40
 1 122 1 45 0 69 0 1
 2 101 0 56 1 24 1 4
 3 86 0 46 0 87 1 1
 4 101 1 38 0 63 1 1
 5 75 1 34 1 63 1 2
 6 79 0 59 1 113 1 4
 7 38 1 29 1 38 0 3
 8 46 0 42 0 58 1 3
 9 67 0 23 1 40 1 2
 10 80 1 67 1 91 0 4
 11 71 0 31 0 62 1 3
 12 65 0 59 0 76 1 1
 13 56 0 27 1 42 0 2
 14 90 0 33 0 66 1 2
 15 111 1 50 1 61 1 4
 16 35 1 33 0 37 1 1
 17 96 0 78 0 95 1 6
 18 101 1 71 1 19 1 3
 19 77 0 39 1 59 0 3
 20 94 1 72 1 31 0 1
 21 104 0 54 0 19 1 4
 22 86 1 54 0 90 1 4
 23 86 1 70 0 31 0 2
 24 46 0 44 1 53 1 4
 25 90 1 33 0 55 1 2
 26 83 0 34 1 61 0 2
 27 74 0 57 1 114 0 2
 28 61 0 28 1 49 1 5
 29 76 1 56 1 83 1 0
 30 75 0 27 1 28 1 3
 31 112 1 29 0 34 0 4
 32 84 0 40 1 73 1 3
 33 86 0 78 0 33 1 7
 34 59 1 26 0 32 0 1
 35 100 0 91 0 25 1 5
 36 71 1 56 0 88 0 3
 37 97 1 43 0 78 1 3
 38 40 1 27 1 47 0 1
 39 109 1 73 0 34 0 1
 40 94 0 41 1 77 1 14
 28 2505205
 587 233 220
 40
 1 61 0 55 1 65 0 3
 2 51 1 50 1 57 1 3
 3 69 1 63 0 100 1 1
 4 93 1 48 1 79 1 3
 5 51 0 39 0 55 1 1
 6 98 1 84 0 22 0 3
 7 94 1 40 0 38 0 3
 8 63 1 38 1 69 0 2
 9 31 0 27 1 38 0 0
 10 85 0 35 0 61 1 3
 11 96 0 34 1 49 1 1
 12 108 0 69 0 22 1 0
 13 71 1 44 0 81 1 0
 14 69 1 20 1 35 0 3
 15 102 0 95 1 47 0 5
 16 94 1 80 0 21 1 3
 17 88 0 29 1 49 1 3
 18 54 1 39 0 73 1 4
 19 86 1 55 0 97 0 3
 20 76 0 53 0 85 1 2
 21 92 1 65 1 115 1 1
 22 84 0 21 1 31 0 1
 23 93 0 39 1 75 0 2
 24 81 0 27 1 53 0 1
 25 110 0 78 0 22 1 5
 26 58 0 49 1 65 0 4
 27 79 0 68 1 106 1 3
 28 115 1 35 0 71 1 2
 29 97 1 40 1 71 1 0
 30 88 1 59 1 99 0 5
 31 87 0 75 1 95 0 1
 32 72 0 30 1 50 1 2
 33 103 1 46 1 59 1 1
 34 109 1 47 1 64 0 4
 35 99 1 48 0 53 1 2
 36 102 1 30 1 57 1 2
 37 118 1 27 0 47 0 2
 38 72 0 53 0 81 1 3
 39 83 0 73 1 21 0 3
 40 60 0 52 1 95 1 22
 29 2505305
 587 233 220
 40
 1 58 1 60 0 88 0 2
 2 82 1 55 1 93 0 0
 3 115 1 28 0 50 1 3
 4 77 1 26 1 45 0 4
 5 40 0 27 1 43 0 2
 6 48 0 34 1 57 0 2
 7 45 1 42 0 56 0 4
 8 89 1 79 0 26 1 5
 9 83 1 53 1 88 1 1
 10 97 1 67 0 124 0 2
 11 102 0 36 1 66 1 1
 12 85 1 38 1 41 0 4
 13 86 1 38 0 60 1 2
 14 93 1 41 0 70 0 2
 15 63 1 43 0 72 0 1
 16 60 1 57 1 69 0 1
 17 80 0 74 1 35 0 1
 18 86 1 67 1 95 1 5
 19 67 1 30 1 46 0 2
 20 77 1 63 0 86 0 4
 21 124 0 41 1 45 0 4
 22 69 0 49 0 89 1 7
 23 99 0 47 1 77 1 3
 24 58 0 50 1 85 1 4
 25 71 1 60 1 72 0 4
 26 97 1 37 1 54 1 4
 27 104 0 38 1 56 1 1
 28 85 1 30 1 42 0 2
 29 101 0 86 1 21 1 4
 30 103 0 94 0 34 1 2
 31 59 1 57 1 76 0 2
 32 55 1 58 1 63 1 4
 33 81 1 39 1 75 1 1
 34 94 1 32 0 39 0 4
 35 91 0 22 1 30 1 5
 36 46 1 35 1 54 1 3
 37 73 1 29 0 51 1 4
 38 94 0 78 1 35 1 3
 39 70 0 60 1 69 0 0
 40 98 1 43 1 55 1 23
 30 2505405
 587 233 220
 40
 1 64 0 31 1 55 0 1
 2 42 0 27 1 54 1 2
 3 33 1 31 1 50 1 4
 4 66 0 61 0 104 1 5
 5 67 1 32 1 43 1 4
 6 121 0 48 0 75 1 3
 7 105 1 40 1 55 0 2
 8 96 0 71 1 29 0 2
 9 70 1 53 0 80 1 5
 10 86 0 27 1 39 0 1
 11 72 1 53 0 83 1 3
 12 71 0 53 0 90 1 5
 13 74 1 75 1 98 0 4
 14 57 1 52 0 86 1 2
 15 98 0 35 1 52 1 1
 16 113 1 30 0 55 1 5
 17 74 1 39 1 42 0 4
 18 61 0 46 1 64 0 1
 19 78 1 38 1 65 1 1
 20 86 1 37 1 47 0 3
 21 72 1 28 1 34 0 3
 22 79 1 73 1 97 0 3
 23 72 0 58 1 107 1 2
 24 67 1 62 0 21 0 1
 25 63 0 31 1 54 0 1
 26 69 1 53 1 69 0 1
 27 100 0 45 0 55 1 3
 28 52 0 50 1 51 1 4
 29 116 0 32 0 55 1 6
 30 89 1 64 1 120 0 1
 31 39 1 35 1 64 0 5
 32 88 0 43 1 72 1 1
 33 58 0 27 1 38 1 2
 34 80 1 73 1 29 1 2
 35 41 0 37 1 53 0 3
 36 53 1 54 0 62 0 3
 37 118 0 35 0 61 1 2
 38 47 1 41 0 78 1 0
 39 122 1 57 0 70 1 2
 40 93 1 62 0 27 0 37
 31 2505505
 587 233 220
 40
 1 64 1 47 1 70 1 3
 2 53 1 48 1 82 0 2
 3 92 1 43 1 71 1 3
 4 78 1 40 0 48 0 1
 5 118 1 43 1 46 0 5
 6 91 1 36 1 65 0 1
 7 64 1 43 1 72 0 4
 8 114 1 46 0 56 1 4
 9 105 0 62 1 24 1 2
 10 76 0 35 1 56 0 1
 11 71 0 36 1 43 1 3
 12 104 1 71 0 28 1 2
 13 117 1 33 1 35 0 2
 14 112 0 40 0 61 1 4
 15 32 1 32 0 63 1 1
 16 83 1 77 0 40 1 3
 17 68 0 44 1 75 1 6
 18 83 0 31 1 59 1 6
 19 100 1 28 1 42 0 4
 20 93 1 60 0 31 0 5
 21 71 1 31 1 39 1 4
 22 84 1 42 0 45 1 1
 23 78 0 68 1 123 1 2
 24 55 0 54 1 59 1 3
 25 85 1 38 0 52 1 2
 26 41 0 41 0 44 1 4
 27 95 1 74 0 36 0 4
 28 72 0 58 1 106 0 4
 29 32 0 26 1 47 0 2
 30 84 1 37 0 41 1 2
 31 97 1 47 0 22 0 4
 32 116 1 76 0 38 1 3
 33 62 1 52 0 81 0 3
 34 77 0 37 1 67 1 2
 35 88 0 22 1 40 1 2
 36 75 1 48 0 78 0 2
 37 65 1 37 1 66 1 2
 38 70 1 66 0 116 0 4
 39 90 0 44 1 66 1 2
 40 74 1 69 1 95 1 11
 32 2505605
 587 233 220
 40
 1 91 1 46 0 79 0 5
 2 83 1 34 1 45 1 4
 3 70 1 29 1 53 1 7
 4 99 1 28 1 53 0 3
 5 108 1 52 1 79 0 0
 6 64 0 59 0 79 1 3
 7 78 1 36 0 43 1 2
 8 47 1 39 0 62 0 2
 9 49 1 41 0 67 0 5
 10 114 0 43 1 46 0 3
 11 108 0 53 1 98 0 3
 12 38 0 26 1 42 1 4
 13 45 1 40 0 71 0 3
 14 86 1 27 0 36 1 3
 15 107 1 95 1 26 0 2
 16 55 1 52 1 25 0 1
 17 45 0 38 1 61 1 3
 18 82 0 36 1 52 0 6
 19 69 1 59 0 21 1 1
 20 100 0 93 1 23 0 4
 21 51 1 47 0 60 0 3
 22 82 0 64 0 78 1 8
 23 80 1 76 1 36 1 5
 24 64 0 25 1 38 1 2
 25 42 0 27 0 48 1 7
 26 91 0 40 0 77 1 6
 27 97 1 88 1 35 0 1
 28 75 0 68 0 29 1 3
 29 61 1 44 1 76 0 5
 30 72 1 57 1 77 0 1
 31 80 1 62 0 31 1 3
 32 100 0 66 1 29 0 4
 33 102 0 78 1 31 0 1
 34 66 1 57 1 80 0 1
 35 48 0 36 0 51 1 2
 36 95 0 37 1 49 0 1
 37 113 0 39 1 72 0 1
 38 89 1 38 0 69 0 3
 39 62 0 60 1 30 0 2
 40 80 1 62 0 92 1 13
 33 2505705
 587 233 220
 40
 1 38 0 22 1 41 1 2
 2 78 1 32 0 47 1 0
 3 54 0 50 1 63 1 3
 4 75 1 70 1 115 0 3
 5 57 1 51 1 99 0 4
 6 94 0 21 1 37 1 0
 7 86 0 48 1 89 0 3
 8 84 1 69 1 24 1 5
 9 37 1 37 1 59 1 2
 10 73 1 50 1 81 1 3
 11 84 0 36 1 65 1 1
 12 50 1 43 1 70 0 2
 13 64 1 29 0 55 1 3
 14 76 1 50 0 82 1 4
 15 79 0 56 1 24 1 5
 16 114 1 70 1 28 0 3
 17 55 1 51 0 68 1 3
 18 54 0 48 0 82 1 1
 19 93 1 38 0 57 0 3
 20 113 0 44 1 76 1 4
 21 91 1 37 0 54 0 4
 22 112 1 74 1 35 0 0
 23 78 0 25 1 45 0 4
 24 62 0 59 1 101 0 2
 25 101 0 97 1 30 1 6
 26 47 0 38 1 58 0 1
 27 87 1 56 0 86 0 2
 28 48 1 43 0 72 0 1
 29 56 1 43 1 73 1 4
 30 69 1 40 0 77 0 2
 31 53 0 47 0 96 1 3
 32 92 1 87 0 39 1 5
 33 101 0 34 1 60 0 2
 34 42 1 40 0 57 1 4
 35 74 1 51 0 81 0 2
 36 103 1 47 0 55 0 2
 37 62 0 44 1 80 1 3
 38 111 1 34 0 62 1 4
 39 81 1 35 1 64 1 2
 40 91 1 42 1 87 0 16
 34 2505805
 587 233 220
 40
 1 69 1 27 1 34 0 5
 2 119 1 43 1 58 0 1
 3 72 1 74 1 35 1 1
 4 60 0 53 1 85 0 1
 5 89 1 34 1 58 0 6
 6 95 1 33 1 46 0 3
 7 53 0 50 1 95 1 0
 8 85 1 69 1 27 0 3
 9 95 1 78 1 103 1 2
 10 46 1 48 1 60 1 0
 11 57 0 53 1 21 1 3
 12 63 1 61 1 102 1 0
 13 68 1 68 1 78 1 2
 14 60 0 57 0 114 1 3
 15 78 0 60 0 92 1 4
 16 78 0 59 1 85 0 2
 17 49 1 34 0 53 0 3
 18 116 0 95 1 38 0 4
 19 96 1 33 0 45 1 1
 20 120 1 54 1 68 1 2
 21 59 0 49 1 78 0 2
 22 62 1 60 0 73 0 0
 23 78 0 35 1 53 1 0
 24 77 1 64 0 33 1 3
 25 77 1 66 0 19 1 4
 26 29 1 21 0 35 0 4
 27 80 0 75 0 77 1 3
 28 84 0 69 1 103 1 1
 29 90 0 63 1 24 0 2
 30 78 0 67 1 79 0 3
 31 114 0 80 0 32 1 3
 32 50 1 44 1 68 0 5
 33 57 1 25 1 42 1 2
 34 121 1 47 0 79 1 3
 35 116 0 49 1 57 0 1
 36 46 1 38 1 68 0 3
 37 102 0 45 0 21 1 2
 38 64 0 58 1 26 1 6
 39 63 0 58 1 102 1 6
 40 90 0 89 1 30 1 26
 35 2505905
 587 233 220
 40
 1 97 1 33 0 34 1 3
 2 87 0 41 0 65 1 4
 3 95 0 84 1 32 1 3
 4 39 1 32 0 58 1 3
 5 70 0 60 0 74 1 6
 6 65 0 47 0 68 1 2
 7 105 0 27 1 53 0 3
 8 110 1 46 1 55 0 0
 9 84 1 28 1 58 0 1
 10 103 1 68 0 20 0 2
 11 122 1 41 0 79 1 2
 12 76 0 44 1 77 0 1
 13 88 1 27 1 36 1 3
 14 81 0 34 0 45 1 2
 15 57 0 40 1 77 1 5
 16 52 1 44 0 49 0 2
 17 60 0 42 0 66 1 4
 18 74 1 69 1 35 0 2
 19 75 1 66 1 77 1 1
 20 31 0 32 1 38 1 1
 21 66 0 61 1 76 1 3
 22 96 1 71 0 28 0 2
 23 61 0 44 1 80 1 3
 24 66 1 66 0 70 1 2
 25 73 1 71 1 122 1 0
 26 126 0 51 0 81 1 3
 27 72 0 67 1 33 0 2
 28 91 0 68 0 28 1 2
 29 73 1 37 0 59 0 3
 30 100 1 48 0 64 0 2
 31 78 0 58 0 91 1 3
 32 59 0 57 1 72 1 3
 33 68 0 53 0 80 1 3
 34 108 0 39 1 50 1 2
 35 69 1 62 1 77 0 5
 36 58 1 24 0 41 0 5
 37 47 0 27 0 55 1 5
 38 80 1 57 1 104 0 0
 39 63 1 50 1 70 0 1
 40 90 0 73 1 97 0 14
 36 2506005
 587 233 220
 40
 1 39 1 26 1 40 0 4
 2 105 0 33 1 38 1 4
 3 76 0 50 1 98 1 5
 4 96 1 74 0 124 0 1
 5 62 1 48 0 67 1 1
 6 41 1 31 0 63 1 4
 7 75 1 34 1 54 1 1
 8 40 1 37 1 63 0 1
 9 106 0 44 0 72 1 1
 10 70 1 53 0 73 1 3
 11 92 1 58 1 97 0 5
 12 85 1 71 1 31 1 4
 13 59 1 53 1 99 1 2
 14 84 1 33 0 46 0 5
 15 92 1 67 1 114 0 3
 16 106 1 100 1 28 1 3
 17 63 0 30 1 36 1 3
 18 112 1 29 0 44 1 4
 19 37 0 28 1 46 0 0
 20 97 1 39 0 54 1 3
 21 71 1 35 0 44 1 2
 22 56 1 39 1 73 0 3
 23 73 1 54 0 76 1 3
 24 68 1 35 0 48 1 5
 25 58 1 55 0 79 1 4
 26 114 0 26 1 46 0 4
 27 56 0 50 1 67 1 4
 28 95 1 34 1 49 1 1
 29 79 0 26 1 48 1 3
 30 78 1 57 0 113 1 1
 31 56 1 47 0 70 1 4
 32 68 0 26 1 42 0 3
 33 88 1 81 1 97 1 2
 34 91 1 89 0 26 0 4
 35 106 0 45 1 68 1 3
 36 43 1 42 1 72 1 0
 37 101 1 36 1 52 0 2
 38 80 0 57 1 26 0 2
 39 42 1 38 0 62 1 1
 40 90 1 59 1 29 0 35
 37 2506105
 587 233 220
 40
 1 99 0 42 1 74 0 2
 2 60 1 38 1 60 1 1
 3 74 1 59 1 104 1 4
 4 79 1 53 1 88 1 1
 5 63 1 60 0 23 0 2
 6 76 0 56 1 111 0 3
 7 46 0 37 1 57 1 3
 8 86 0 60 1 24 0 3
 9 61 0 56 1 77 1 2
 10 82 1 25 1 38 0 5
 11 63 0 41 1 74 0 6
 12 106 1 99 0 45 1 4
 13 98 0 67 1 117 0 1
 14 79 1 54 0 100 1 4
 15 64 0 57 1 89 0 3
 16 79 0 78 1 78 1 1
 17 121 1 57 1 65 1 3
 18 94 1 62 0 22 0 3
 19 99 0 56 1 23 0 5
 20 79 1 42 1 84 1 0
 21 76 0 67 1 24 1 4
 22 71 1 71 1 19 1 4
 23 82 0 63 1 78 1 0
 24 72 0 65 1 32 1 2
 25 47 0 42 1 49 1 4
 26 100 0 61 1 107 1 0
 27 64 1 46 0 74 0 0
 28 89 1 67 1 31 1 3
 29 68 0 59 1 99 0 3
 30 54 0 33 1 55 0 3
 31 40 1 30 0 45 1 3
 32 111 0 58 0 80 1 2
 33 40 0 30 1 45 1 2
 34 76 1 53 0 77 0 3
 35 73 0 62 1 79 1 3
 36 93 1 39 1 60 1 1
 37 49 1 38 0 58 0 3
 38 97 0 46 1 48 0 0
 39 105 0 58 0 27 1 3
 40 88 0 36 0 45 1 47
 38 2506205
 587 233 220
 40
 1 107 1 49 1 97 0 5
 2 100 1 87 0 36 0 3
 3 110 0 32 1 44 1 2
 4 56 1 32 1 64 0 0
 5 62 1 49 1 71 0 2
 6 83 1 75 0 90 0 5
 7 56 0 51 1 91 0 3
 8 80 1 71 0 25 1 2
 9 43 1 38 1 75 1 1
 10 89 0 58 1 94 0 2
 11 56 0 26 1 40 1 1
 12 44 1 32 0 62 1 2
 13 59 1 26 0 37 1 1
 14 70 0 68 1 28 1 0
 15 71 1 58 0 90 0 2
 16 45 1 45 0 62 1 6
 17 108 1 74 1 27 0 1
 18 77 1 60 1 98 1 3
 19 64 1 64 1 89 1 2
 20 52 1 38 1 61 1 3
 21 83 1 70 1 96 0 3
 22 108 0 46 0 66 1 1
 23 81 1 73 0 94 0 2
 24 94 0 42 0 75 1 2
 25 93 1 32 1 38 1 3
 26 107 1 67 0 32 1 4
 27 59 1 30 0 34 0 1
 28 57 1 27 1 37 0 3
 29 107 1 41 0 77 0 0
 30 48 0 23 0 47 1 2
 31 116 0 89 1 25 0 2
 32 102 1 83 1 29 1 2
 33 58 0 53 1 71 1 3
 34 65 0 65 0 92 1 2
 35 99 1 44 1 83 0 3
 36 110 0 73 0 37 1 3
 37 97 0 46 1 57 1 0
 38 69 1 48 0 72 1 3
 39 73 1 55 0 71 1 3
 40 93 0 30 1 41 0 45
 39 2506305
 587 233 220
 40
 1 55 1 46 0 90 1 3
 2 39 1 36 0 51 1 8
 3 54 1 25 0 36 0 5
 4 77 1 34 1 39 0 2
 5 40 1 37 1 74 0 5
 6 44 0 29 1 53 1 2
 7 57 0 53 1 63 1 3
 8 103 0 45 0 51 1 5
 9 93 0 30 0 32 1 3
 10 98 1 61 0 27 0 2
 11 101 1 43 1 74 0 4
 12 75 1 46 0 83 0 1
 13 91 0 43 1 50 1 5
 14 76 0 40 0 49 1 2
 15 57 1 50 0 55 0 3
 16 109 1 94 0 44 1 5
 17 73 1 55 1 100 1 4
 18 72 1 34 0 52 1 5
 19 37 1 35 1 43 1 6
 20 60 1 48 1 58 0 1
 21 52 1 49 1 89 0 4
 22 66 0 48 0 74 1 1
 23 99 0 81 0 19 1 4
 24 73 1 71 1 73 1 2
 25 100 1 55 0 28 0 2
 26 109 1 38 0 64 1 2
 27 97 1 50 1 56 0 2
 28 112 0 46 1 49 1 1
 29 117 1 84 1 26 0 4
 30 57 1 42 1 58 1 4
 31 70 1 65 1 90 1 3
 32 85 0 38 1 37 1 3
 33 82 1 39 0 76 0 1
 34 57 0 48 1 62 1 3
 35 74 1 52 0 85 0 5
 36 37 1 30 1 37 0 2
 37 50 1 44 0 62 0 4
 38 97 0 84 1 38 0 4
 39 54 1 44 1 65 0 4
 40 75 0 47 1 87 1 15
 40 2506405
 587 233 220
 40
 1 79 0 60 1 86 1 2
 2 91 1 33 0 65 1 1
 3 73 1 44 1 83 0 5
 4 96 0 53 1 93 1 1
 5 73 0 78 1 29 0 1
 6 108 1 44 0 64 0 3
 7 72 1 60 0 110 0 3
 8 117 1 38 1 62 1 1
 9 57 1 46 0 91 1 2
 10 61 0 29 1 32 1 4
 11 75 1 57 1 94 0 3
 12 102 1 34 1 55 1 1
 13 59 1 55 1 70 0 1
 14 101 1 37 0 50 1 1
 15 89 1 32 1 53 1 3
 16 70 0 73 0 33 1 2
 17 100 1 77 1 23 1 2
 18 85 0 68 1 92 1 4
 19 76 1 73 0 94 0 5
 20 65 1 24 0 29 0 1
 21 95 1 81 1 31 1 2
 22 88 1 39 0 64 0 1
 23 108 0 83 1 28 1 3
 24 58 1 43 0 80 0 1
 25 90 1 80 0 115 0 1
 26 101 1 85 1 36 0 4
 27 71 0 52 1 87 1 3
 28 68 0 55 1 83 1 1
 29 37 1 33 1 54 1 4
 30 77 1 28 1 37 1 0
 31 57 0 50 1 61 0 2
 32 62 0 49 0 72 1 3
 33 96 1 68 1 34 0 3
 34 98 0 34 1 45 0 2
 35 94 0 95 0 45 1 1
 36 47 1 35 0 56 1 3
 37 67 1 60 0 88 0 1
 38 40 1 39 0 60 1 2
 39 112 1 50 1 52 1 1
 40 63 0 58 0 90 1 22
 41 2506505
 587 233 220
 40
 1 79 0 65 0 110 1 3
 2 94 0 32 1 43 0 0
 3 59 0 35 1 67 0 3
 4 74 0 36 0 63 1 5
 5 113 1 56 1 81 1 3
 6 85 1 57 0 29 0 5
 7 69 1 64 1 83 1 2
 8 79 0 48 0 21 1 3
 9 80 1 61 1 116 0 3
 10 86 0 34 0 37 1 0
 11 46 0 39 1 77 1 3
 12 52 1 44 1 66 0 2
 13 81 1 72 0 86 1 3
 14 95 1 62 0 22 0 2
 15 106 1 47 0 54 1 5
 16 43 1 41 1 80 0 3
 17 88 1 48 0 88 0 2
 18 57 1 45 1 63 1 1
 19 65 1 28 1 55 1 1
 20 69 1 47 0 89 0 6
 21 101 1 43 1 74 1 2
 22 64 1 61 0 114 1 5
 23 123 1 82 1 40 0 0
 24 78 0 40 1 76 1 3
 25 77 0 64 0 75 1 2
 26 71 1 60 1 95 0 3
 27 77 1 27 1 44 0 6
 28 60 1 26 0 47 1 5
 29 49 1 26 1 44 0 2
 30 90 1 31 1 60 1 1
 31 39 0 36 0 40 1 2
 32 60 1 58 1 92 0 2
 33 116 1 31 0 56 0 1
 34 111 0 36 1 64 0 3
 35 93 0 49 1 73 0 1
 36 79 0 62 1 31 0 2
 37 66 0 40 0 66 1 3
 38 78 0 65 1 27 0 3
 39 76 1 37 1 54 0 1
 40 63 1 46 1 87 1 20
 42 2506605
 587 233 220
 40
 1 74 0 48 1 73 0 5
 2 82 0 28 0 38 1 2
 3 55 0 48 0 68 1 4
 4 79 1 36 0 60 0 1
 5 97 1 81 1 29 0 4
 6 58 0 51 1 72 1 3
 7 85 1 36 1 68 1 2
 8 65 1 64 1 97 1 5
 9 78 1 68 1 84 0 1
 10 57 0 44 1 67 0 2
 11 118 0 30 1 59 0 2
 12 79 1 70 1 83 1 2
 13 101 1 30 1 48 0 3
 14 72 0 73 0 33 1 2
 15 94 0 45 1 81 0 4
 16 92 0 63 1 101 0 3
 17 86 1 76 1 89 0 1
 18 85 0 54 1 25 0 4
 19 36 1 29 0 58 1 1
 20 69 0 67 0 79 1 1
 21 69 1 58 1 116 1 4
 22 59 1 33 0 60 1 5
 23 83 0 35 1 48 1 2
 24 101 1 51 1 78 0 4
 25 56 1 34 1 66 1 1
 26 88 0 28 1 42 0 6
 27 45 0 42 1 65 0 2
 28 109 0 48 0 67 1 4
 29 65 0 55 0 73 1 4
 30 100 1 27 1 32 1 0
 31 103 1 79 0 27 0 0
 32 42 1 42 0 69 1 2
 33 60 1 48 0 81 0 3
 34 101 1 26 1 29 0 6
 35 91 1 27 1 39 0 4
 36 92 1 20 0 29 1 4
 37 74 0 73 0 84 1 0
 38 84 1 33 1 53 1 3
 39 52 0 50 1 24 1 4
 40 84 1 68 1 31 0 32
 43 2506705
 587 233 220
 40
 1 76 1 70 1 85 1 3
 2 63 1 28 1 37 1 4
 3 75 1 77 0 31 0 2
 4 96 1 37 0 54 0 6
 5 83 1 65 0 91 1 2
 6 93 1 75 1 30 1 1
 7 92 1 66 1 94 0 4
 8 88 1 40 1 52 1 2
 9 43 0 37 0 51 1 4
 10 119 0 36 1 55 0 0
 11 81 1 44 1 83 0 2
 12 101 0 90 0 25 1 1
 13 114 1 47 1 82 0 1
 14 55 1 45 0 86 0 5
 15 50 0 41 1 63 0 1
 16 64 1 52 1 67 0 2
 17 93 0 46 0 78 1 1
 18 73 0 36 1 49 0 1
 19 90 1 64 1 99 1 1
 20 86 0 32 0 53 1 0
 21 114 0 29 1 42 1 2
 22 59 0 58 1 101 0 0
 23 55 1 46 1 86 0 0
 24 81 0 83 0 19 1 2
 25 51 0 47 0 85 1 1
 26 75 1 74 0 90 1 5
 27 57 1 36 1 67 0 1
 28 73 0 67 1 76 0 0
 29 61 1 38 0 76 0 2
 30 98 1 68 1 120 0 2
 31 82 0 58 1 83 1 3
 32 82 1 74 1 122 1 1
 33 67 1 25 1 26 0 2
 34 74 1 74 0 82 1 3
 35 71 0 34 1 39 1 1
 36 108 1 28 1 37 1 2
 37 74 0 74 1 34 0 3
 38 77 1 70 1 33 0 3
 39 110 1 50 1 68 1 3
 40 80 1 80 1 83 1 14
 44 2506805
 587 233 220
 40
 1 112 0 70 1 26 1 2
 2 91 1 83 0 24 1 8
 3 93 0 84 1 35 1 7
 4 100 1 36 1 73 0 3
 5 95 1 42 1 79 0 4
 6 92 0 29 1 39 1 7
 7 68 1 32 1 55 0 2
 8 107 1 36 0 58 1 3
 9 97 0 42 1 55 1 4
 10 70 1 62 1 84 1 4
 11 66 1 60 0 98 1 1
 12 40 1 26 1 44 1 5
 13 45 0 38 1 64 1 3
 14 92 0 45 0 55 1 8
 15 85 1 36 1 40 1 2
 16 39 1 37 1 40 1 2
 17 75 0 64 1 102 0 1
 18 43 1 42 0 79 1 3
 19 42 1 43 0 67 1 2
 20 91 0 38 1 51 1 3
 21 59 0 22 0 34 1 4
 22 56 0 27 1 40 0 6
 23 69 0 51 1 81 1 1
 24 67 0 54 1 85 1 4
 25 40 0 37 1 53 1 2
 26 45 1 44 0 85 1 5
 27 32 1 24 1 43 1 7
 28 84 1 24 1 40 1 5
 29 82 0 77 0 27 1 8
 30 90 0 38 1 40 0 5
 31 54 0 42 0 69 1 5
 32 95 1 26 0 28 0 4
 33 51 0 48 1 92 0 2
 34 68 0 35 1 65 1 5
 35 85 1 37 1 39 0 2
 36 55 1 27 1 41 0 1
 37 82 0 77 1 20 1 3
 38 116 0 45 1 54 0 4
 39 58 1 46 1 90 1 6
 40 81 1 65 0 81 1 9
 45 2506905
 587 233 220
 40
 1 60 0 32 1 55 0 2
 2 125 1 23 1 41 1 2
 3 70 1 56 0 95 0 3
 4 78 1 44 0 78 0 1
 5 94 1 76 1 19 1 5
 6 63 1 42 0 62 1 1
 7 104 0 41 0 69 1 2
 8 80 1 21 1 37 1 3
 9 68 1 65 1 27 1 3
 10 52 0 42 0 69 1 7
 11 78 1 31 1 42 0 6
 12 74 0 37 0 56 1 4
 13 83 1 49 1 84 1 2
 14 111 1 72 1 29 0 5
 15 117 0 30 0 49 1 3
 16 98 1 86 1 21 0 2
 17 59 1 27 1 40 0 1
 18 118 1 94 0 35 0 2
 19 84 0 70 1 33 1 2
 20 95 0 80 1 103 0 2
 21 95 1 41 1 65 0 1
 22 53 0 56 1 74 0 3
 23 77 0 60 1 86 1 2
 24 90 1 48 1 26 0 2
 25 100 1 25 1 28 0 3
 26 76 0 82 1 96 1 1
 27 114 1 35 1 46 1 0
 28 95 0 89 0 45 1 3
 29 84 0 42 1 53 0 2
 30 70 0 48 1 86 0 2
 31 52 0 27 1 32 0 3
 32 85 1 40 0 51 1 0
 33 78 1 69 0 112 0 7
 34 58 1 57 0 77 0 5
 35 72 1 31 0 41 0 1
 36 71 1 57 1 25 1 4
 37 125 1 80 0 28 1 0
 38 72 1 68 1 76 1 3
 39 44 1 44 1 58 1 2
 40 86 1 45 1 86 0 18
 46 2507005
 587 233 220
 40
 1 85 0 37 0 57 1 6
 2 68 1 72 0 22 1 1
 3 111 1 56 1 76 0 1
 4 59 0 58 1 107 0 4
 5 63 1 58 1 101 1 4
 6 61 0 26 1 38 1 2
 7 72 1 50 0 70 0 4
 8 67 1 57 1 94 0 1
 9 116 0 87 1 22 1 1
 10 76 1 73 1 106 0 2
 11 97 1 36 1 59 1 1
 12 107 1 51 1 72 1 2
 13 40 0 36 1 63 0 5
 14 75 0 45 1 85 0 0
 15 90 1 91 0 26 1 4
 16 63 1 64 1 69 0 4
 17 72 1 30 1 56 1 3
 18 69 1 68 1 32 0 2
 19 90 1 58 0 27 0 4
 20 107 1 78 1 40 0 2
 21 48 1 48 1 46 1 1
 22 114 0 55 0 19 1 3
 23 83 0 70 1 24 0 1
 24 89 0 32 1 59 0 4
 25 74 1 69 0 92 1 2
 26 67 1 48 1 78 1 2
 27 101 0 62 1 115 0 0
 28 62 1 61 1 99 0 1
 29 97 0 52 1 26 0 6
 30 63 1 42 0 78 0 3
 31 95 0 37 1 71 1 5
 32 72 1 48 1 78 1 5
 33 95 0 44 1 46 0 3
 34 42 1 40 0 44 1 2
 35 47 1 38 0 75 1 5
 36 98 1 80 1 25 0 3
 37 82 1 72 0 33 0 8
 38 113 1 25 0 36 1 3
 39 126 1 32 0 44 1 4
 40 97 1 82 0 32 0 22
 47 2507105
 587 233 220
 40
 1 116 0 43 0 57 1 3
 2 111 1 95 0 21 1 0
 3 122 1 37 0 37 1 2
 4 80 1 37 0 39 1 4
 5 101 0 34 1 55 1 2
 6 97 1 53 0 72 0 6
 7 73 1 37 1 56 0 3
 8 50 1 39 1 75 1 1
 9 78 0 39 1 76 0 1
 10 75 0 42 1 85 0 6
 11 69 0 53 1 81 0 3
 12 62 1 28 0 45 1 2
 13 75 1 53 1 84 0 5
 14 62 0 48 0 93 1 1
 15 76 1 46 0 21 1 4
 16 36 1 35 0 54 0 1
 17 37 1 36 0 44 1 3
 18 109 0 25 1 38 1 2
 19 56 1 34 0 66 1 4
 20 64 1 63 0 116 1 4
 21 81 1 31 0 55 0 5
 22 48 0 46 0 57 1 2
 23 87 0 78 0 34 1 2
 24 92 1 91 1 28 0 2
 25 77 1 63 1 118 1 3
 26 72 1 22 0 39 0 2
 27 111 0 84 0 22 1 1
 28 118 1 23 1 31 0 3
 29 74 1 65 0 101 1 3
 30 73 1 77 0 81 0 2
 31 76 1 53 0 103 0 3
 32 54 1 35 0 56 1 3
 33 70 1 40 1 70 1 4
 34 121 1 82 1 35 1 2
 35 113 0 57 1 70 0 1
 36 101 1 91 1 43 0 2
 37 116 0 86 0 42 1 0
 38 56 0 50 1 62 0 4
 39 92 1 43 1 19 1 4
 40 82 0 78 0 26 1 32
 48 2507205
 587 233 220
 40
 1 51 0 50 0 61 1 3
 2 61 1 46 0 83 1 0
 3 93 1 39 0 60 1 1
 4 97 1 45 0 76 1 4
 5 70 0 27 1 48 1 1
 6 77 1 73 1 89 0 1
 7 76 0 64 1 90 0 1
 8 96 0 37 1 60 1 4
 9 53 0 44 1 65 1 2
 10 93 1 41 1 77 0 8
 11 105 1 39 1 63 0 4
 12 74 1 44 1 79 0 0
 13 95 1 34 1 70 0 2
 14 110 1 50 0 64 1 1
 15 76 0 51 0 85 1 2
 16 88 0 87 0 40 1 6
 17 38 1 37 0 66 1 3
 18 82 0 62 0 81 1 2
 19 83 1 69 1 34 0 2
 20 117 1 24 0 45 0 2
 21 76 0 34 1 58 1 1
 22 77 1 50 0 95 1 3
 23 88 1 88 1 40 1 2
 24 78 0 62 0 88 1 3
 25 69 1 55 0 81 0 0
 26 67 1 55 1 87 0 4
 27 103 0 44 1 79 1 1
 28 89 0 38 1 44 1 4
 29 112 0 42 0 81 1 1
 30 72 1 48 1 91 0 0
 31 80 1 36 1 50 0 1
 32 61 1 40 1 71 0 4
 33 91 1 39 1 64 0 2
 34 108 1 25 0 43 1 2
 35 58 1 38 1 65 1 0
 36 97 1 58 1 115 1 4
 37 88 1 47 0 65 0 4
 38 105 0 71 1 27 0 2
 39 66 0 40 1 66 0 1
 40 84 0 35 1 63 1 32
 49 2507305
 587 233 220
 40
 1 95 0 43 0 55 1 1
 2 79 1 74 0 103 1 3
 3 76 0 47 1 77 0 2
 4 73 0 57 1 112 0 3
 5 39 1 29 0 47 0 4
 6 37 0 26 0 42 1 3
 7 77 0 53 1 77 1 4
 8 114 1 79 0 20 0 2
 9 100 0 47 1 74 1 3
 10 106 1 103 1 47 1 4
 11 103 0 22 1 45 0 2
 12 87 0 58 0 103 1 2
 13 109 0 71 1 22 1 2
 14 79 0 34 1 38 1 4
 15 74 1 32 0 45 0 4
 16 60 0 61 1 24 1 4
 17 35 1 30 0 44 0 3
 18 75 0 57 0 96 1 1
 19 90 1 39 1 48 1 2
 20 35 1 27 1 45 0 1
 21 63 0 54 0 66 1 1
 22 42 0 32 0 47 1 0
 23 85 1 52 0 101 0 0
 24 93 1 35 1 61 0 2
 25 47 1 41 1 59 0 0
 26 64 0 56 1 28 1 1
 27 64 1 60 0 98 0 4
 28 53 0 44 1 62 0 3
 29 89 1 31 0 32 1 1
 30 82 1 63 0 109 0 0
 31 112 1 70 1 20 1 3
 32 86 1 78 1 114 1 3
 33 92 1 66 1 106 1 2
 34 85 1 77 0 91 1 3
 35 68 1 66 1 103 1 1
 36 95 0 43 0 77 1 3
 37 106 1 51 0 91 0 2
 38 53 1 49 0 94 1 3
 39 39 1 35 0 57 1 3
 40 49 1 43 1 83 0 31
 50 2507405
 587 233 220
 40
 1 40 1 33 0 61 0 1
 2 77 0 54 1 101 0 3
 3 62 1 39 1 58 1 2
 4 80 0 40 1 57 0 2
 5 119 0 24 1 36 1 1
 6 109 1 40 0 63 0 2
 7 106 1 88 0 21 0 7
 8 102 0 47 1 67 0 3
 9 68 1 27 1 37 0 2
 10 67 1 19 0 34 1 6
 11 82 0 39 0 64 1 5
 12 92 0 47 1 78 1 7
 13 35 1 29 0 38 1 2
 14 90 0 42 1 20 1 0
 15 87 1 68 1 102 0 3
 16 115 0 73 0 36 1 1
 17 121 0 48 1 63 0 1
 18 65 0 29 1 53 0 2
 19 74 0 62 1 24 0 3
 20 83 0 40 1 69 1 2
 21 98 0 36 0 75 1 3
 22 65 1 44 1 66 1 2
 23 88 0 57 1 109 1 3
 24 94 0 41 1 63 1 4
 25 96 1 31 0 47 1 4
 26 60 1 57 1 26 0 4
 27 97 0 57 0 19 1 3
 28 106 1 57 1 22 1 2
 29 44 0 42 1 53 0 6
 30 120 1 54 0 60 0 3
 31 63 1 53 1 87 1 4
 32 97 1 28 0 45 0 2
 33 38 0 31 0 43 1 3
 34 66 0 51 1 79 0 1
 35 69 1 35 1 60 0 4
 36 88 1 33 0 62 0 3
 37 59 0 60 1 97 0 5
 38 96 0 42 0 77 1 0
 39 97 1 38 0 44 1 3
 40 77 0 33 0 49 1 45
 51 2507505
 587 233 220
 40
 1 63 1 37 0 65 0 2
 2 72 1 51 1 97 0 2
 3 62 0 41 1 71 0 1
 4 50 1 21 1 37 1 4
 5 104 0 39 1 62 1 2
 6 80 0 59 0 25 1 4
 7 93 0 70 1 23 1 5
 8 48 0 41 1 63 0 4
 9 97 0 31 0 40 1 5
 10 39 1 35 0 51 0 6
 11 53 1 50 1 81 0 3
 12 75 0 30 0 32 1 7
 13 56 1 51 0 69 1 2
 14 66 1 65 1 96 1 2
 15 64 0 45 1 86 0 1
 16 85 0 56 1 90 0 3
 17 113 1 30 0 54 1 5
 18 80 0 62 1 87 1 7
 19 60 0 24 0 34 1 2
 20 73 1 30 1 46 0 3
 21 76 1 51 1 84 1 3
 22 101 0 33 1 41 0 5
 23 92 1 68 1 118 1 2
 24 94 1 26 1 37 0 5
 25 61 0 21 1 34 0 1
 26 73 0 32 1 54 0 3
 27 91 0 38 1 44 0 1
 28 62 0 40 1 74 0 4
 29 54 1 57 1 99 0 1
 30 57 0 25 0 41 1 4
 31 48 0 36 1 63 0 0
 32 86 1 37 1 73 0 2
 33 58 0 59 1 60 0 3
 34 67 1 52 1 96 0 3
 35 75 1 67 1 101 0 3
 36 82 0 48 1 90 0 3
 37 107 0 65 1 25 0 3
 38 45 1 45 1 62 0 3
 39 71 0 31 1 37 0 2
 40 76 1 57 0 77 1 18
 52 2507605
 587 233 220
 40
 1 93 0 70 1 30 1 4
 2 70 0 48 1 73 0 3
 3 77 1 19 0 25 0 3
 4 98 0 64 1 110 1 2
 5 104 0 40 1 40 0 2
 6 54 1 47 0 75 0 2
 7 29 0 25 0 38 1 4
 8 82 0 37 1 61 1 1
 9 85 0 59 1 85 0 2
 10 95 0 50 1 24 1 1
 11 114 0 69 1 24 0 3
 12 104 1 40 1 47 1 3
 13 73 0 64 1 27 0 1
 14 55 0 35 1 66 1 2
 15 60 0 60 0 81 1 2
 16 59 0 41 0 60 1 1
 17 58 1 55 0 98 0 2
 18 50 1 43 1 56 1 3
 19 92 0 40 0 57 1 0
 20 54 0 53 1 54 1 7
 21 80 1 63 0 81 0 1
 22 47 1 39 0 62 1 3
 23 92 0 78 1 32 0 2
 24 81 0 70 1 105 1 6
 25 97 1 74 1 112 0 1
 26 49 1 44 0 69 0 0
 27 80 0 34 0 57 1 2
 28 61 1 44 1 69 1 1
 29 67 1 65 1 70 1 0
 30 54 0 53 1 56 1 2
 31 98 1 30 0 44 1 5
 32 97 0 49 1 74 0 2
 33 89 0 84 1 24 0 3
 34 50 1 45 0 58 1 1
 35 86 1 32 1 51 0 1
 36 87 1 68 1 95 1 3
 37 74 1 28 1 56 1 6
 38 81 0 69 0 83 1 5
 39 78 0 39 1 39 1 3
 40 62 1 59 0 76 0 25
 53 2507705
 587 233 220
 40
 1 81 0 26 0 39 1 5
 2 92 0 69 1 26 1 1
 3 90 1 85 1 41 0 2
 4 82 1 42 0 77 0 6
 5 92 0 43 1 76 1 5
 6 88 1 72 1 111 0 5
 7 87 0 26 0 39 1 1
 8 80 0 80 0 104 1 1
 9 73 0 49 0 71 1 6
 10 58 1 55 1 60 1 2
 11 88 1 25 1 45 1 4
 12 54 0 49 1 68 1 2
 13 82 1 64 1 28 0 3
 14 85 1 34 0 39 1 2
 15 42 1 43 1 58 1 1
 16 113 0 30 1 31 0 5
 17 90 0 63 1 25 1 3
 18 81 1 48 0 94 1 4
 19 72 0 62 0 86 1 4
 20 74 0 37 1 59 1 2
 21 88 1 38 0 46 1 3
 22 81 0 27 0 40 1 0
 23 93 1 26 1 41 1 2
 24 104 0 45 1 68 1 1
 25 79 1 60 0 88 0 1
 26 90 1 40 0 48 1 0
 27 76 1 79 0 101 0 1
 28 101 1 76 0 21 1 4
 29 73 0 20 1 38 1 3
 30 70 0 29 0 44 1 1
 31 84 1 74 0 106 0 3
 32 53 1 54 1 61 1 1
 33 102 1 29 0 52 1 1
 34 99 1 33 0 39 0 4
 35 84 1 64 1 96 1 1
 36 111 1 88 1 22 1 4
 37 103 0 77 1 32 1 2
 38 36 0 33 1 39 0 0
 39 106 1 36 0 63 1 1
 40 70 0 50 0 75 1 22
 54 2507805
 587 233 220
 40
 1 103 0 66 1 22 0 5
 2 50 1 41 1 67 1 8
 3 65 1 60 0 99 0 8
 4 56 1 56 1 21 0 5
 5 52 0 46 1 79 0 3
 6 85 1 24 1 33 1 2
 7 56 0 26 1 45 1 3
 8 98 1 36 1 62 0 5
 9 105 0 30 1 56 1 3
 10 126 0 60 0 27 1 5
 11 60 1 44 1 62 0 4
 12 75 1 62 0 21 1 5
 13 100 1 97 1 43 1 3
 14 98 1 59 0 27 1 6
 15 115 0 49 0 78 1 1
 16 84 0 77 1 80 1 4
 17 67 1 53 1 89 1 4
 18 71 0 35 0 45 1 5
 19 40 1 31 0 51 0 3
 20 100 1 37 0 70 1 1
 21 98 0 73 0 26 1 2
 22 120 0 38 1 55 1 2
 23 95 0 35 1 50 0 3
 24 102 1 55 1 75 1 0
 25 50 0 40 1 77 0 3
 26 65 1 40 0 69 1 2
 27 92 1 37 0 69 1 1
 28 83 1 39 0 70 1 2
 29 82 0 84 1 35 0 2
 30 87 1 40 0 61 0 1
 31 66 0 56 0 81 1 3
 32 78 0 39 1 68 0 3
 33 83 0 38 1 54 1 1
 34 121 1 60 1 24 1 3
 35 97 1 32 1 45 0 3
 36 88 1 38 0 41 0 6
 37 48 1 21 0 37 1 2
 38 61 1 54 0 82 1 4
 39 78 0 35 1 52 0 2
 40 79 1 78 0 35 1 21
 55 2507905
 587 233 220
 40
 1 97 1 98 0 28 0 1
 2 76 0 65 1 81 1 5
 3 113 1 48 0 21 0 2
 4 120 1 38 1 66 1 5
 5 72 0 29 1 53 0 2
 6 61 1 39 0 58 1 1
 7 113 1 29 0 58 0 3
 8 48 1 40 0 56 0 1
 9 47 0 43 1 72 1 0
 10 74 1 64 1 90 0 3
 11 83 1 36 0 58 1 6
 12 110 0 79 1 38 0 1
 13 62 0 58 0 108 1 3
 14 71 1 33 1 58 0 2
 15 93 0 43 1 48 1 2
 16 56 0 50 1 59 1 2
 17 81 0 70 1 21 1 2
 18 40 0 38 1 78 0 0
 19 91 1 67 0 29 0 5
 20 70 1 59 1 80 1 5
 21 104 1 67 0 25 1 4
 22 57 1 20 0 35 1 6
 23 90 0 46 1 62 0 4
 24 103 1 36 1 46 1 4
 25 89 0 40 0 60 1 2
 26 36 0 37 0 44 1 0
 27 64 0 57 0 75 1 2
 28 93 1 35 1 63 0 4
 29 96 0 47 1 52 0 4
 30 96 0 34 1 34 0 3
 31 48 1 42 0 58 1 3
 32 117 0 78 1 33 0 1
 33 60 1 45 0 79 0 0
 34 106 1 73 1 28 1 3
 35 83 1 60 0 98 0 5
 36 63 0 57 1 85 1 1
 37 92 1 27 1 39 1 1
 38 118 0 81 1 27 1 2
 39 40 0 34 1 46 0 1
 40 82 0 76 0 86 1 13
 56 2508005
 587 233 220
 40
 1 93 1 34 0 39 0 4
 2 67 1 27 0 32 1 0
 3 33 1 30 0 41 1 5
 4 90 1 93 1 46 1 5
 5 66 0 55 0 71 1 3
 6 54 0 21 1 30 0 3
 7 73 1 61 0 32 1 2
 8 77 0 36 1 59 0 1
 9 59 1 32 0 35 1 1
 10 78 1 34 1 53 0 2
 11 100 1 77 0 28 0 0
 12 57 1 50 1 93 0 4
 13 94 0 82 0 32 1 2
 14 125 1 58 0 79 1 3
 15 74 1 43 0 77 0 2
 16 110 0 27 1 48 0 0
 17 75 0 50 1 73 1 1
 18 120 0 87 1 32 1 2
 19 65 1 60 1 104 1 1
 20 79 0 62 0 22 1 4
 21 109 1 55 0 60 1 1
 22 93 1 34 1 49 0 1
 23 70 1 56 0 95 1 2
 24 97 1 76 0 110 1 3
 25 52 0 29 1 56 0 0
 26 86 1 75 0 33 0 5
 27 68 1 64 1 75 0 0
 28 102 0 96 1 19 0 1
 29 101 0 60 0 106 1 4
 30 106 0 64 1 28 1 2
 31 33 1 22 1 37 1 1
 32 97 0 61 1 28 1 4
 33 85 1 74 0 102 1 1
 34 69 1 64 0 89 0 1
 35 30 0 29 1 35 1 3
 36 81 1 69 1 79 1 4
 37 42 1 32 0 44 0 3
 38 73 1 58 0 26 1 2
 39 110 1 27 0 30 0 2
 40 74 1 62 1 92 0 19
 57 2508105
 587 233 220
 40
 1 82 1 40 1 77 0 2
 2 60 0 54 1 73 1 3
 3 89 1 39 0 60 1 1
 4 73 1 61 0 24 0 2
 5 56 1 46 0 58 0 3
 6 96 1 45 0 70 1 1
 7 72 0 33 1 38 1 3
 8 80 1 73 0 91 0 4
 9 93 1 78 1 94 1 2
 10 86 1 66 0 119 1 0
 11 75 1 30 1 47 0 3
 12 77 1 69 0 103 1 2
 13 49 0 34 0 55 1 1
 14 56 1 47 1 89 0 1
 15 42 1 39 1 52 0 1
 16 83 1 77 0 35 1 3
 17 74 0 64 1 74 0 4
 18 65 1 61 1 27 1 2
 19 42 0 30 1 57 0 3
 20 47 1 44 0 88 0 3
 21 118 0 92 1 36 0 1
 22 75 1 33 0 37 1 5
 23 79 1 63 1 90 1 3
 24 110 0 52 0 77 1 1
 25 109 1 79 1 39 1 1
 26 121 1 49 0 55 1 2
 27 57 0 35 0 59 1 4
 28 42 0 34 1 56 0 0
 29 73 1 67 0 112 1 5
 30 105 1 33 1 39 1 1
 31 96 1 64 0 96 1 2
 32 86 1 86 0 36 1 5
 33 101 1 38 0 47 1 3
 34 76 0 33 0 51 1 1
 35 76 0 34 0 57 1 3
 36 99 0 81 1 27 0 3
 37 86 1 39 1 44 0 2
 38 113 0 50 0 19 1 4
 39 78 0 75 1 32 0 1
 40 71 1 53 1 99 1 18
 58 2508205
 587 233 220
 40
 1 109 1 47 0 83 1 4
 2 82 1 60 1 116 1 2
 3 73 1 51 1 23 0 4
 4 59 0 35 1 66 0 3
 5 58 0 43 1 22 0 2
 6 72 1 65 1 84 0 1
 7 91 1 83 0 36 0 2
 8 96 0 63 1 121 1 3
 9 76 0 34 1 52 1 5
 10 99 0 85 0 39 1 3
 11 46 1 45 1 68 0 1
 12 111 1 26 1 35 0 1
 13 63 1 49 1 92 0 2
 14 54 1 28 1 34 0 1
 15 80 1 33 1 32 1 5
 16 48 0 49 1 82 0 3
 17 55 1 46 1 83 1 3
 18 106 1 22 1 32 0 1
 19 88 0 83 1 87 1 0
 20 90 0 66 1 27 0 3
 21 78 1 32 1 46 0 4
 22 73 1 30 0 42 1 4
 23 89 1 77 1 94 0 2
 24 107 1 61 0 23 1 5
 25 69 1 65 1 26 0 2
 26 119 1 21 1 24 1 5
 27 51 0 46 0 54 1 4
 28 121 1 39 0 62 0 7
 29 35 1 21 1 39 1 3
 30 92 1 46 1 74 1 5
 31 80 0 52 1 79 1 2
 32 48 1 39 0 70 0 3
 33 67 0 34 1 66 1 2
 34 62 0 43 1 73 0 1
 35 125 1 28 0 38 1 4
 36 123 0 45 0 81 1 2
 37 46 1 38 0 46 0 1
 38 64 1 48 1 73 0 4
 39 60 1 29 0 50 0 5
 40 75 1 25 0 35 0 99
 59 2508305
 587 233 220
 40
 1 52 0 45 1 80 1 3
 2 63 0 33 1 61 0 2
 3 58 0 46 0 59 1 4
 4 99 1 38 1 45 0 3
 5 58 1 36 0 66 0 4
 6 104 1 31 0 36 1 4
 7 96 0 36 1 53 0 3
 8 42 1 38 0 51 1 3
 9 108 0 47 1 66 1 2
 10 71 0 26 0 49 1 5
 11 88 1 65 1 112 1 2
 12 45 0 41 1 47 0 4
 13 64 0 48 0 81 1 2
 14 83 1 76 1 108 0 0
 15 100 1 29 1 38 1 1
 16 101 1 63 1 109 0 2
 17 77 1 51 0 89 1 1
 18 73 1 57 1 77 1 4
 19 57 0 41 0 62 1 1
 20 102 0 83 1 32 1 1
 21 58 1 40 0 73 1 2
 22 106 0 68 1 28 1 3
 23 93 1 93 0 21 0 6
 24 119 1 47 0 56 0 5
 25 90 1 34 0 60 0 2
 26 107 1 56 1 71 1 2
 27 71 0 36 1 47 0 5
 28 78 1 46 0 86 1 2
 29 84 1 36 1 43 1 4
 30 87 1 45 0 61 0 7
 31 52 1 35 0 60 1 4
 32 57 0 53 1 66 0 3
 33 97 1 32 0 58 0 0
 34 36 1 33 1 45 0 4
 35 57 1 47 1 72 0 0
 36 58 0 45 0 74 1 1
 37 50 1 52 0 79 1 1
 38 93 1 72 1 106 0 3
 39 119 1 28 1 47 1 3
 40 73 0 21 1 32 1 143
 60 2508405
 587 233 220
 40
 1 70 1 60 1 81 0 2
 2 57 1 59 0 102 1 4
 3 65 1 36 0 76 0 2
 4 95 1 64 1 27 1 1
 5 120 1 36 0 69 1 8
 6 105 1 38 1 59 0 3
 7 103 1 103 0 40 1 4
 8 53 1 35 0 63 0 1
 9 62 0 55 1 71 0 7
 10 103 1 34 1 43 1 5
 11 84 0 80 1 29 0 3
 12 60 0 60 0 82 1 2
 13 91 0 86 1 23 0 5
 14 68 1 50 0 78 0 1
 15 78 1 77 0 23 1 3
 16 76 1 51 1 75 1 1
 17 95 1 42 1 42 1 6
 18 69 1 52 0 96 1 2
 19 68 0 29 1 32 1 2
 20 105 0 55 1 66 1 5
 21 40 1 33 1 46 1 4
 22 53 0 24 1 33 0 2
 23 107 1 90 0 31 1 1
 24 120 0 29 0 28 1 1
 25 77 1 47 1 84 0 3
 26 105 1 26 0 44 0 2
 27 99 1 33 1 42 1 3
 28 50 1 40 1 58 1 2
 29 54 1 50 1 54 1 2
 30 80 1 79 1 88 1 1
 31 120 1 47 0 78 1 1
 32 102 1 38 1 70 0 2
 33 62 0 38 1 80 0 3
 34 77 0 22 1 31 1 1
 35 116 0 52 0 24 1 5
 36 75 1 66 1 79 1 4
 37 55 0 37 1 60 1 4
 38 41 0 36 1 54 0 1
 39 87 1 27 0 35 1 2
 40 67 1 41 0 71 1 27
 61 2508505
 587 233 220
 40
 1 65 1 66 1 106 1 2
 2 61 1 56 0 83 1 0
 3 100 0 85 1 25 0 2
 4 73 0 37 0 70 1 2
 5 73 1 73 1 107 1 1
 6 70 1 53 1 82 0 1
 7 74 1 33 0 39 1 2
 8 76 1 78 0 87 0 1
 9 39 1 21 0 39 1 0
 10 72 1 40 1 74 1 3
 11 49 1 34 1 55 1 1
 12 73 1 74 0 111 1 4
 13 109 1 40 0 42 0 3
 14 100 0 49 0 53 1 1
 15 81 0 40 1 60 1 3
 16 41 1 38 1 47 1 3
 17 92 1 37 1 69 0 1
 18 94 1 48 0 61 1 1
 19 96 0 72 0 103 1 2
 20 108 0 55 1 77 1 2
 21 60 0 50 1 25 0 2
 22 88 1 59 1 97 1 4
 23 112 1 99 1 40 1 1
 24 88 0 62 1 114 0 2
 25 48 1 37 1 69 0 1
 26 95 1 59 1 104 0 3
 27 89 0 36 0 52 1 1
 28 65 1 57 0 111 0 0
 29 62 1 62 0 102 1 0
 30 84 0 50 0 88 1 0
 31 90 1 57 0 28 1 3
 32 113 1 49 1 81 0 2
 33 102 1 65 1 25 1 1
 34 108 0 42 1 72 1 2
 35 59 1 54 0 59 0 1
 36 78 1 71 1 36 1 5
 37 64 0 57 1 77 1 3
 38 61 1 66 0 95 0 4
 39 103 0 56 1 22 0 2
 40 51 1 47 1 75 0 40
 62 2508605
 587 233 220
 40
 1 65 0 49 1 68 0 2
 2 96 1 34 0 53 0 5
 3 97 1 44 0 77 1 5
 4 96 1 50 0 55 1 4
 5 76 1 51 1 102 1 2
 6 47 0 43 1 67 1 4
 7 43 1 36 0 43 0 2
 8 91 0 60 1 101 1 1
 9 90 0 27 1 37 1 3
 10 44 1 39 1 51 0 5
 11 119 0 48 1 65 1 1
 12 83 0 30 0 51 1 3
 13 79 1 32 0 57 0 3
 14 107 1 37 0 77 1 4
 15 80 0 44 0 73 1 1
 16 97 1 97 0 21 0 3
 17 126 1 99 0 38 0 2
 18 71 0 57 1 88 0 3
 19 56 0 44 1 61 1 3
 20 124 1 37 1 40 0 0
 21 67 0 57 1 96 1 3
 22 102 1 28 1 31 0 1
 23 95 1 30 1 47 1 3
 24 115 1 75 1 33 1 0
 25 107 0 57 1 26 0 0
 26 95 0 65 1 30 1 1
 27 81 1 75 1 31 0 2
 28 71 1 69 0 83 1 3
 29 74 0 67 0 77 1 1
 30 106 0 76 0 19 1 2
 31 93 1 44 0 71 1 2
 32 98 0 79 1 27 0 2
 33 82 1 33 1 52 1 4
 34 86 0 60 1 92 0 1
 35 104 1 62 0 24 1 3
 36 68 1 54 1 103 1 0
 37 67 0 60 0 115 1 4
 38 86 0 30 1 49 1 2
 39 95 1 69 1 126 1 4
 40 55 0 35 0 74 1 39
 63 2508705
 587 233 220
 40
 1 75 1 57 1 79 0 2
 2 53 0 52 0 58 1 2
 3 69 1 62 1 101 0 0
 4 70 1 29 1 35 0 1
 5 88 1 74 1 27 0 2
 6 83 1 63 0 112 0 3
 7 93 1 43 0 54 0 2
 8 37 0 33 1 47 0 2
 9 60 0 55 1 92 0 0
 10 78 1 56 1 103 1 2
 11 89 1 67 1 97 1 3
 12 90 0 47 1 78 0 4
 13 43 0 41 1 72 1 3
 14 71 1 23 1 47 1 4
 15 108 0 39 0 69 1 3
 16 67 1 71 1 73 0 1
 17 110 1 61 1 28 1 4
 18 43 1 38 1 52 0 5
 19 114 1 81 1 22 0 3
 20 97 1 35 1 60 0 3
 21 49 1 47 1 63 0 3
 22 67 1 55 1 101 0 1
 23 96 0 42 1 58 0 1
 24 124 1 54 0 67 0 2
 25 61 1 42 1 74 0 1
 26 96 0 33 1 62 0 1
 27 119 0 70 1 29 1 2
 28 81 1 40 1 38 1 3
 29 83 1 25 0 37 0 3
 30 121 1 55 0 71 0 1
 31 74 0 26 1 45 1 2
 32 82 0 32 0 38 1 2
 33 84 1 33 0 55 1 2
 34 54 0 48 1 82 1 3
 35 54 0 55 0 66 1 4
 36 72 1 67 1 115 1 7
 37 70 0 67 1 75 0 1
 38 91 1 33 1 58 0 0
 39 90 0 59 1 101 0 3
 40 69 1 57 0 20 0 79
 64 2508805
 587 233 220
 40
 1 109 0 54 1 21 0 1
 2 86 1 52 1 91 1 3
 3 113 1 25 0 41 1 4
 4 96 0 40 1 66 0 4
 5 79 1 62 1 82 1 4
 6 104 1 84 1 28 1 0
 7 52 0 47 1 60 1 3
 8 55 0 32 1 52 1 4
 9 77 1 66 1 119 1 4
 10 65 1 50 0 69 0 0
 11 64 1 20 0 31 0 3
 12 114 0 65 1 28 0 3
 13 78 1 58 0 28 1 0
 14 97 1 40 0 71 1 4
 15 74 0 66 1 96 1 0
 16 44 0 38 1 58 1 6
 17 105 0 30 1 33 1 2
 18 82 1 48 1 91 1 4
 19 92 0 37 1 59 0 4
 20 78 1 23 1 44 1 2
 21 77 0 74 0 33 1 1
 22 100 1 96 0 21 1 3
 23 70 1 50 1 98 1 6
 24 36 1 30 0 40 1 5
 25 124 1 68 0 31 1 3
 26 87 0 83 1 37 0 6
 27 114 1 51 1 55 1 1
 28 89 0 56 1 101 0 0
 29 92 0 85 1 40 0 2
 30 65 1 26 0 41 0 6
 31 69 1 56 1 113 1 3
 32 59 0 46 1 69 0 3
 33 57 1 45 1 72 1 3
 34 92 1 40 1 67 0 1
 35 94 1 73 1 20 1 3
 36 69 1 46 1 24 0 2
 37 110 1 65 1 19 0 3
 38 58 1 42 1 20 0 3
 39 94 1 44 0 66 0 1
 40 67 0 67 0 65 1 22
 65 2508905
 587 233 220
 40
 1 58 0 25 0 49 1 1
 2 43 1 38 1 47 0 4
 3 33 1 26 1 47 1 2
 4 106 1 49 1 72 1 2
 5 86 0 40 1 69 0 4
 6 51 0 38 1 54 0 6
 7 105 1 48 0 66 0 2
 8 76 1 71 0 80 0 2
 9 76 1 64 0 24 1 2
 10 77 1 22 0 33 1 2
 11 38 1 39 1 51 0 2
 12 53 0 40 1 80 0 5
 13 72 1 34 0 44 1 5
 14 71 1 57 1 99 0 2
 15 74 1 35 0 64 0 3
 16 101 0 98 0 41 1 3
 17 96 1 36 1 59 1 3
 18 64 0 30 0 40 1 6
 19 59 1 39 1 65 0 1
 20 50 1 44 0 57 0 2
 21 81 1 77 1 35 0 1
 22 96 0 41 1 48 0 3
 23 75 0 61 1 97 1 4
 24 94 1 67 0 32 0 2
 25 84 1 53 0 94 1 3
 26 70 0 55 1 83 0 3
 27 110 1 44 0 69 1 2
 28 82 0 64 0 97 1 1
 29 108 0 53 0 51 1 5
 30 57 0 53 0 62 1 4
 31 88 1 43 0 56 0 4
 32 59 1 54 1 90 1 2
 33 80 1 75 1 95 0 1
 34 56 1 29 1 55 1 3
 35 51 0 48 0 76 1 5
 36 66 1 38 0 65 0 4
 37 72 1 66 1 25 1 6
 38 77 1 45 0 83 1 2
 39 94 0 35 1 37 0 0
 40 67 1 53 1 71 1 24
 66 2509005
 587 233 220
 40
 1 85 1 32 1 44 0 5
 2 60 1 44 0 84 1 3
 3 64 0 45 1 80 0 3
 4 74 1 29 0 55 1 3
 5 78 0 58 0 84 1 2
 6 110 0 52 0 77 1 2
 7 71 0 50 1 75 1 3
 8 87 1 64 0 92 1 4
 9 39 0 41 1 49 0 5
 10 81 0 52 1 92 0 1
 11 66 1 54 1 99 0 3
 12 82 1 33 0 51 0 1
 13 69 1 59 1 95 1 1
 14 45 0 43 0 65 1 0
 15 58 0 53 1 72 0 1
 16 65 0 67 1 25 0 2
 17 96 0 29 1 38 0 3
 18 71 1 35 0 36 0 3
 19 96 0 74 0 115 1 6
 20 57 1 42 0 65 0 2
 21 66 1 56 0 83 0 5
 22 76 1 74 1 94 1 1
 23 100 1 69 0 26 1 4
 24 81 0 37 0 40 1 0
 25 87 0 40 0 45 1 2
 26 101 1 83 0 39 1 3
 27 101 1 27 0 36 0 0
 28 29 1 26 1 38 1 3
 29 100 1 66 0 114 1 0
 30 69 0 30 1 56 1 2
 31 60 0 27 0 36 1 1
 32 39 1 39 0 68 0 1
 33 118 1 26 0 39 0 5
 34 94 0 41 1 19 1 4
 35 84 1 77 0 90 1 3
 36 61 0 58 1 81 0 4
 37 110 0 72 1 33 0 2
 38 76 1 25 0 34 1 0
 39 103 1 91 0 21 1 2
 40 82 1 39 1 70 1 24
 67 2509105
 587 233 220
 40
 1 119 0 39 1 39 1 2
 2 90 0 35 0 46 1 1
 3 65 1 54 0 26 1 3
 4 47 1 36 0 72 1 0
 5 54 0 53 1 91 0 3
 6 90 1 42 1 67 0 1
 7 87 1 35 0 56 1 0
 8 119 0 34 1 48 0 3
 9 100 0 37 1 56 0 2
 10 91 1 62 0 25 1 0
 11 77 0 71 0 92 1 0
 12 110 1 53 0 61 1 2
 13 110 1 77 1 33 1 3
 14 87 1 29 0 34 1 2
 15 34 0 32 1 53 0 0
 16 70 1 33 0 42 0 4
 17 54 1 42 0 81 1 3
 18 113 1 78 1 29 1 4
 19 53 1 49 0 87 1 4
 20 64 1 27 0 32 1 3
 21 97 1 94 1 42 1 0
 22 111 1 87 1 38 0 3
 23 103 0 80 0 36 1 1
 24 73 0 38 1 66 1 4
 25 95 1 74 1 32 0 7
 26 75 1 70 0 76 0 2
 27 99 0 103 1 47 0 1
 28 92 1 32 0 58 1 2
 29 79 1 34 1 70 0 5
 30 62 0 47 0 82 1 3
 31 84 0 84 1 37 1 2
 32 80 0 66 1 113 0 7
 33 52 0 50 1 66 1 2
 34 73 1 62 1 116 0 3
 35 92 0 40 0 51 1 0
 36 78 1 62 1 99 1 2
 37 80 0 39 1 62 1 2
 38 49 0 38 0 76 1 3
 39 66 1 68 1 93 0 2
 40 89 1 63 1 21 1 53
 68 2509205
 587 233 220
 40
 1 44 1 38 0 63 1 1
 2 44 1 38 1 74 0 1
 3 51 0 50 1 68 1 5
 4 107 1 49 0 95 1 1
 5 89 1 30 1 41 0 4
 6 63 0 61 0 80 1 5
 7 91 1 53 1 95 1 1
 8 41 1 32 1 52 1 1
 9 70 0 61 0 101 1 1
 10 124 1 57 1 96 0 0
 11 30 0 24 1 46 1 1
 12 67 1 48 0 77 1 1
 13 115 0 67 1 34 1 4
 14 76 1 62 0 95 0 3
 15 105 0 48 1 68 0 5
 16 86 1 60 1 97 0 1
 17 75 0 49 1 22 0 5
 18 62 1 54 0 24 0 3
 19 87 0 57 0 27 1 1
 20 66 0 53 1 88 1 2
 21 96 1 55 0 22 0 3
 22 69 1 54 0 84 1 4
 23 98 1 45 1 87 0 2
 24 44 1 39 0 47 1 2
 25 59 0 60 1 23 1 2
 26 47 1 41 1 78 1 2
 27 86 1 67 1 93 0 4
 28 52 1 43 1 80 0 1
 29 39 1 26 0 42 0 2
 30 97 0 36 0 42 1 2
 31 74 1 64 0 104 1 2
 32 95 1 96 1 26 0 5
 33 77 0 75 1 33 0 4
 34 95 1 63 0 98 1 5
 35 85 1 82 1 92 1 0
 36 59 1 31 0 30 1 3
 37 107 0 45 1 83 1 2
 38 69 1 65 1 115 1 1
 39 88 1 41 1 59 1 2
 40 65 1 67 0 95 0 14
 69 2509305
 587 233 220
 40
 1 87 1 31 1 49 1 3
 2 116 1 42 1 66 1 1
 3 72 1 67 0 32 1 4
 4 81 1 70 1 33 1 9
 5 96 1 66 0 34 0 6
 6 102 0 27 1 32 1 4
 7 54 0 30 1 55 0 3
 8 68 1 61 1 79 0 1
 9 122 0 83 0 26 1 1
 10 83 1 30 1 31 1 5
 11 116 0 43 0 50 1 3
 12 89 0 81 0 22 1 3
 13 46 1 26 1 50 1 4
 14 61 1 39 0 61 1 1
 15 85 1 32 1 45 0 1
 16 64 0 45 1 65 1 2
 17 52 1 54 0 68 1 2
 18 100 0 82 1 25 1 0
 19 119 0 37 1 65 0 4
 20 76 1 69 0 77 0 2
 21 86 1 67 1 104 0 4
 22 95 1 82 1 35 0 1
 23 97 0 56 1 96 0 2
 24 81 0 32 1 42 1 1
 25 113 1 51 0 71 1 2
 26 81 1 72 0 86 0 2
 27 88 1 77 1 23 0 4
 28 116 0 36 0 50 1 2
 29 84 0 42 1 55 0 2
 30 107 1 39 0 68 1 4
 31 53 0 44 1 79 1 4
 32 86 1 36 0 46 0 1
 33 93 1 61 1 96 1 2
 34 66 0 48 1 92 0 4
 35 32 0 25 0 49 1 0
 36 48 1 45 0 57 0 4
 37 55 1 50 1 87 0 1
 38 90 0 70 0 30 1 1
 39 99 1 90 1 44 0 2
 40 63 0 55 1 25 0 77
 70 2509405
 587 233 220
 40
 1 54 0 29 0 34 1 0
 2 88 0 39 1 71 1 4
 3 95 0 86 0 28 1 2
 4 55 0 52 1 74 1 0
 5 119 1 98 1 44 1 3
 6 97 1 35 1 54 1 2
 7 111 1 40 0 61 0 2
 8 84 0 60 0 85 1 2
 9 68 1 41 0 83 0 3
 10 52 1 36 0 59 1 3
 11 68 1 56 0 83 0 4
 12 111 1 95 1 40 1 2
 13 62 0 59 1 63 0 2
 14 120 0 51 0 91 1 5
 15 63 1 39 0 71 0 2
 16 30 0 31 1 36 1 5
 17 65 1 59 0 84 0 3
 18 69 0 55 0 74 1 1
 19 87 0 43 1 67 0 2
 20 80 1 38 0 51 0 5
 21 114 1 40 0 47 1 1
 22 84 1 35 0 63 1 5
 23 102 0 63 0 101 1 2
 24 87 0 43 0 50 1 6
 25 62 1 38 0 76 1 2
 26 59 1 52 0 67 0 2
 27 64 1 42 1 81 0 3
 28 54 1 59 0 78 0 1
 29 51 1 51 1 63 1 3
 30 33 1 29 0 38 0 5
 31 39 1 28 1 54 1 2
 32 66 1 48 1 77 1 1
 33 114 1 25 0 45 0 3
 34 79 1 30 1 39 0 1
 35 80 0 73 1 31 0 6
 36 65 0 57 1 66 1 2
 37 87 1 59 1 101 1 3
 38 114 0 40 0 53 1 1
 39 84 1 72 0 31 0 3
 40 37 1 33 1 66 1 65
 71 2509505
 587 233 220
 40
 1 61 0 64 0 97 1 4
 2 110 1 36 1 43 0 3
 3 71 0 52 1 98 0 6
 4 110 1 37 0 56 1 6
 5 102 1 21 0 27 1 3
 6 67 1 52 1 73 0 1
 7 62 0 46 1 69 1 3
 8 97 0 33 1 48 1 1
 9 57 0 44 1 58 0 3
 10 107 1 33 1 46 0 2
 11 71 1 56 0 94 0 1
 12 50 0 35 0 53 1 3
 13 99 1 74 1 21 1 2
 14 87 0 34 1 59 0 4
 15 35 1 31 0 42 0 4
 16 83 0 76 1 87 0 2
 17 54 1 46 0 63 1 1
 18 97 1 43 0 67 0 4
 19 80 1 59 1 103 1 2
 20 87 0 35 1 62 1 5
 21 123 0 75 0 30 1 6
 22 77 1 67 0 28 0 5
 23 117 1 68 0 24 0 3
 24 73 1 43 1 22 1 4
 25 38 1 25 1 50 1 3
 26 65 1 22 1 33 0 4
 27 62 1 55 0 80 1 5
 28 67 0 46 0 75 1 5
 29 74 0 68 1 94 1 4
 30 72 1 27 1 44 1 3
 31 101 0 75 1 30 1 2
 32 57 0 29 0 55 1 3
 33 52 1 46 1 65 0 3
 34 74 1 61 1 28 0 0
 35 120 1 36 0 47 0 1
 36 82 0 54 1 82 0 4
 37 64 1 50 0 92 0 1
 38 66 0 62 1 21 0 4
 39 82 1 47 1 87 1 3
 40 61 1 22 1 41 1 67
 72 2509605
 587 233 220
 40
 1 97 0 65 0 101 1 3
 2 64 0 36 1 70 1 1
 3 72 0 53 0 111 1 1
 4 92 1 83 0 34 1 1
 5 95 0 33 1 63 1 1
 6 37 0 39 0 66 1 5
 7 56 1 36 1 63 0 2
 8 31 0 30 1 54 1 1
 9 99 0 46 1 79 1 2
 10 65 0 51 0 82 1 1
 11 32 1 28 1 35 1 0
 12 71 0 44 0 84 1 4
 13 90 0 40 1 57 0 3
 14 53 1 21 0 33 0 2
 15 108 0 72 1 30 1 1
 16 62 1 60 1 65 1 5
 17 64 0 48 1 73 1 4
 18 89 1 46 0 61 0 4
 19 124 0 54 1 55 1 1
 20 94 1 90 0 21 1 4
 21 77 0 29 0 33 1 3
 22 79 1 56 1 99 1 3
 23 118 1 82 1 27 0 5
 24 53 0 47 1 58 1 3
 25 94 0 88 0 39 1 3
 26 59 1 58 1 83 1 3
 27 71 1 43 1 22 0 3
 28 104 0 75 0 37 1 3
 29 77 1 67 1 85 0 2
 30 95 0 44 0 58 1 3
 31 81 1 58 1 94 1 3
 32 60 1 40 0 64 1 1
 33 77 1 65 1 93 1 1
 34 78 1 34 1 46 0 1
 35 63 1 41 0 72 0 3
 36 107 0 38 0 52 1 0
 37 97 0 71 1 98 0 4
 38 99 0 46 0 90 1 2
 39 88 0 68 1 111 1 0
 40 63 0 45 1 70 0 26
 73 2509705
 587 233 220
 40
 1 94 1 38 1 76 0 1
 2 105 1 98 1 35 0 1
 3 116 1 32 0 37 1 1
 4 76 0 59 1 74 1 2
 5 86 1 35 1 38 1 0
 6 78 0 62 1 97 1 6
 7 69 0 68 0 88 1 2
 8 66 1 54 1 76 0 1
 9 65 1 30 0 31 1 3
 10 46 1 39 0 63 1 1
 11 95 0 47 1 52 1 2
 12 112 1 55 0 26 0 4
 13 93 0 56 0 106 1 5
 14 85 1 65 1 114 0 2
 15 89 0 28 1 31 1 4
 16 122 0 32 1 47 0 2
 17 41 0 42 0 74 1 4
 18 63 0 57 1 88 0 0
 19 92 1 85 1 34 0 2
 20 102 0 44 1 80 0 3
 21 55 0 40 1 59 1 4
 22 77 1 46 0 20 1 5
 23 30 1 27 0 39 0 1
 24 41 1 25 1 50 0 1
 25 79 1 29 0 50 1 3
 26 50 1 28 1 54 1 4
 27 71 0 33 0 40 1 3
 28 68 1 55 1 80 0 3
 29 90 0 32 1 36 0 4
 30 77 0 72 0 91 1 4
 31 66 1 40 1 75 1 1
 32 83 1 76 1 117 0 2
 33 86 1 39 0 47 0 3
 34 79 1 70 0 36 1 1
 35 112 1 45 1 48 0 1
 36 52 1 32 1 50 1 3
 37 102 1 46 1 73 0 2
 38 73 0 34 0 51 1 3
 39 78 1 51 1 85 1 2
 40 55 0 50 1 61 0 40
 74 2509805
 587 233 220
 40
 1 77 1 69 1 89 0 1
 2 44 1 32 0 52 1 2
 3 98 1 39 1 54 0 3
 4 116 0 53 1 54 0 2
 5 81 1 76 0 38 1 1
 6 95 1 73 1 23 1 3
 7 64 1 52 1 75 1 5
 8 70 0 62 0 84 1 2
 9 126 1 93 1 47 1 1
 10 68 1 71 0 100 1 2
 11 68 1 62 0 71 1 2
 12 52 1 42 1 71 0 0
 13 115 0 53 0 70 1 3
 14 59 1 54 0 81 1 1
 15 72 0 64 1 21 1 2
 16 85 0 79 1 35 0 1
 17 73 0 71 1 35 0 0
 18 37 1 35 0 48 1 4
 19 59 0 37 1 66 1 2
 20 68 1 61 1 105 0 3
 21 95 0 37 0 46 1 0
 22 73 1 49 0 84 0 6
 23 40 1 28 0 46 1 0
 24 99 1 51 0 60 1 2
 25 81 1 68 0 107 1 2
 26 96 0 49 0 59 1 5
 27 62 0 57 1 100 1 3
 28 86 0 78 0 35 1 4
 29 101 1 45 0 82 0 4
 30 87 0 49 1 92 0 4
 31 52 0 48 1 21 0 4
 32 95 1 26 1 36 1 2
 33 73 1 63 1 114 0 1
 34 115 0 42 1 58 0 2
 35 56 0 52 1 73 1 1
 36 52 0 47 0 71 1 4
 37 101 0 90 0 19 1 3
 38 98 0 40 0 56 1 0
 39 87 1 38 1 53 0 1
 40 57 0 41 1 59 0 46
 75 2509905
 587 233 220
 40
 1 104 1 84 0 23 1 4
 2 99 1 74 1 29 1 4
 3 76 1 45 0 83 1 3
 4 92 1 35 1 38 1 1
 5 51 1 38 1 71 1 3
 6 45 1 35 0 47 0 2
 7 84 0 71 1 109 0 2
 8 87 0 30 1 45 1 3
 9 84 0 62 0 88 1 0
 10 75 1 41 1 75 0 5
 11 93 1 42 1 80 0 6
 12 76 1 59 1 81 0 4
 13 90 0 25 0 41 1 1
 14 43 1 30 1 43 0 5
 15 78 0 29 0 52 1 5
 16 57 0 54 1 21 0 3
 17 115 1 76 0 39 1 3
 18 83 1 42 0 82 0 3
 19 124 1 47 0 65 0 3
 20 114 1 29 0 40 1 5
 21 54 1 48 0 83 0 2
 22 78 0 73 0 119 1 1
 23 58 0 29 1 47 0 4
 24 86 1 32 1 55 0 5
 25 65 1 58 1 69 1 0
 26 70 1 33 1 45 1 2
 27 78 1 61 1 90 1 2
 28 97 1 94 0 33 1 3
 29 111 1 51 0 56 1 2
 30 98 1 81 0 20 1 3
 31 118 0 37 1 67 1 2
 32 80 1 35 1 62 1 2
 33 86 1 38 0 45 0 4
 34 93 0 48 1 82 0 1
 35 97 0 39 1 57 1 1
 36 70 1 24 0 50 0 1
 37 26 1 26 0 39 1 3
 38 67 0 43 0 82 1 3
 39 118 0 82 0 26 1 3
 40 69 0 57 1 23 1 76
 76 2510005
 587 233 220
 40
 1 76 0 32 1 42 1 1
 2 97 1 29 1 45 1 1
 3 57 0 34 1 58 1 3
 4 79 1 64 0 92 0 0
 5 61 1 28 1 45 0 2
 6 104 1 52 1 75 0 3
 7 74 1 68 0 97 1 2
 8 107 0 32 0 49 1 4
 9 68 0 47 0 82 1 2
 10 87 1 40 1 75 0 4
 11 106 0 33 1 35 0 1
 12 94 1 76 1 112 0 3
 13 48 1 42 0 58 0 3
 14 100 1 84 1 27 1 4
 15 77 1 66 0 32 0 4
 16 117 0 68 1 29 0 0
 17 85 0 64 1 106 0 4
 18 114 0 35 1 54 1 2
 19 102 1 86 1 23 1 0
 20 54 1 26 0 32 0 4
 21 62 1 59 0 79 1 5
 22 63 1 42 1 75 1 3
 23 65 0 58 1 27 0 8
 24 64 1 54 1 64 1 4
 25 44 1 31 0 58 0 1
 26 43 1 41 0 68 0 2
 27 76 1 37 1 56 0 1
 28 59 1 52 1 26 1 3
 29 97 1 67 0 33 1 2
 30 113 1 57 0 76 0 1
 31 88 1 47 0 93 1 3
 32 93 1 45 1 69 0 3
 33 64 1 68 0 32 0 1
 34 85 0 40 1 46 0 4
 35 65 0 51 1 72 1 2
 36 86 0 44 1 48 1 0
 37 84 1 33 1 31 1 1
 38 83 1 27 1 30 1 2
 39 83 1 77 1 85 0 3
 40 71 1 60 1 74 0 22
 77 2510105
 587 233 220
 40
 1 70 1 76 1 35 1 5
 2 86 1 26 0 49 0 7
 3 53 1 46 1 70 0 1
 4 72 1 35 0 55 1 3
 5 48 0 47 1 62 0 1
 6 80 0 34 1 63 0 2
 7 73 1 27 0 35 1 2
 8 66 0 39 0 76 1 3
 9 107 1 36 0 53 0 2
 10 96 1 97 1 46 1 3
 11 52 0 49 1 78 1 4
 12 31 1 28 0 50 1 3
 13 70 0 60 0 81 1 10
 14 74 1 56 0 75 0 3
 15 99 0 72 0 27 1 7
 16 82 0 53 1 84 1 1
 17 103 1 88 0 34 1 6
 18 74 0 28 1 33 1 3
 19 57 0 50 1 62 0 3
 20 85 1 79 1 39 1 1
 21 44 1 36 1 65 0 4
 22 70 1 69 0 97 1 3
 23 76 0 67 0 30 1 6
 24 49 1 37 0 55 1 1
 25 86 0 32 1 49 1 1
 26 88 1 39 0 39 1 2
 27 56 1 49 0 67 1 3
 28 121 0 71 1 33 1 7
 29 65 0 42 1 21 0 5
 30 77 1 25 1 36 1 0
 31 77 0 68 0 32 1 3
 32 52 0 47 0 55 1 3
 33 86 1 34 1 55 0 3
 34 84 1 72 1 26 1 2
 35 95 0 41 0 68 1 3
 36 103 1 46 1 62 0 1
 37 36 1 36 0 38 0 3
 38 47 0 39 1 56 1 3
 39 62 0 58 1 78 0 2
 40 58 1 54 1 84 0 19
 78 2510205
 587 233 220
 40
 1 101 1 42 0 65 0 5
 2 75 0 23 1 36 0 2
 3 78 1 70 1 27 1 4
 4 97 1 39 0 55 0 2
 5 41 0 40 1 48 0 4
 6 58 0 53 1 76 0 3
 7 88 1 75 1 36 1 4
 8 61 1 57 0 87 0 4
 9 49 1 39 0 68 1 3
 10 76 1 62 0 25 0 4
 11 68 1 55 1 77 1 2
 12 87 0 40 0 48 1 2
 13 80 1 46 0 91 0 1
 14 62 0 25 1 38 0 6
 15 65 0 67 0 80 1 4
 16 47 0 40 1 50 1 6
 17 88 1 64 0 97 1 0
 18 108 1 72 0 24 1 2
 19 120 1 77 0 38 0 2
 20 47 1 38 1 66 1 3
 21 72 1 69 0 27 1 4
 22 38 1 36 1 66 1 1
 23 79 1 77 1 30 1 4
 24 65 1 36 1 58 0 2
 25 98 1 37 1 47 1 3
 26 72 1 35 0 58 1 1
 27 55 1 47 1 81 0 5
 28 87 1 32 1 41 1 3
 29 37 1 33 0 54 1 1
 30 62 0 50 1 65 0 3
 31 66 0 42 1 75 0 2
 32 65 1 38 0 78 1 3
 33 78 0 57 1 108 1 3
 34 55 0 51 1 76 1 7
 35 72 0 43 1 76 1 2
 36 73 0 34 1 41 0 2
 37 78 1 38 1 46 1 2
 38 82 0 69 1 20 0 2
 39 121 1 47 0 81 0 6
 40 83 0 38 0 60 1 33
 79 2510305
 587 233 220
 40
 1 47 0 44 1 66 0 3
 2 79 1 23 0 25 0 0
 3 86 1 89 1 35 1 2
 4 77 0 34 0 65 1 4
 5 79 1 30 1 54 1 6
 6 110 0 94 1 21 1 3
 7 57 1 44 1 77 0 7
 8 82 0 30 1 43 0 4
 9 68 1 27 0 34 0 3
 10 32 0 33 0 49 1 4
 11 119 1 90 1 22 0 1
 12 113 1 51 0 65 1 2
 13 104 1 82 0 31 0 4
 14 101 0 48 1 74 0 3
 15 58 1 58 0 26 0 3
 16 103 1 23 0 27 0 4
 17 95 1 84 0 33 0 4
 18 58 1 49 1 83 1 1
 19 85 0 75 1 35 0 3
 20 50 1 53 1 60 1 2
 21 78 0 73 0 97 1 8
 22 64 1 63 0 77 1 5
 23 90 0 22 1 31 1 3
 24 94 1 39 1 58 0 5
 25 103 1 88 1 27 0 2
 26 117 1 31 1 40 1 3
 27 42 1 36 0 47 0 3
 28 51 0 49 0 54 1 1
 29 63 1 43 0 81 1 4
 30 64 1 60 0 33 0 0
 31 104 0 46 0 61 1 5
 32 116 1 79 0 27 0 1
 33 25 0 26 1 41 0 3
 34 91 1 44 0 70 1 3
 35 84 1 85 1 38 0 4
 36 42 1 32 1 53 1 2
 37 39 0 30 1 50 1 6
 38 93 1 30 0 46 0 2
 39 95 0 73 1 37 0 2
 40 92 1 59 1 26 1 32
 80 2510405
 587 233 220
 40
 1 61 1 55 1 80 0 0
 2 116 1 50 1 19 1 6
 3 64 0 54 0 96 1 4
 4 87 0 38 1 58 1 5
 5 112 1 55 1 58 0 2
 6 86 1 36 0 44 1 3
 7 112 1 53 1 77 1 4
 8 102 1 29 0 46 0 3
 9 87 1 85 0 21 1 1
 10 86 0 22 1 38 1 5
 11 92 1 37 1 39 1 0
 12 63 1 53 1 21 1 0
 13 118 0 39 1 46 0 3
 14 66 1 33 0 49 1 2
 15 55 1 40 1 60 0 4
 16 79 1 72 1 75 0 5
 17 77 1 58 0 102 0 2
 18 96 0 76 1 97 0 5
 19 55 1 48 1 68 0 5
 20 58 1 21 0 32 0 1
 21 55 0 53 1 81 1 1
 22 104 0 61 0 28 1 3
 23 106 1 33 0 34 0 2
 24 74 0 59 1 74 1 2
 25 74 0 63 1 75 1 5
 26 78 0 72 1 114 1 3
 27 34 0 33 1 57 1 3
 28 73 0 56 1 108 0 1
 29 57 0 52 0 71 1 1
 30 62 0 60 1 75 0 0
 31 84 0 32 1 41 0 1
 32 99 0 58 1 25 1 2
 33 53 1 50 1 61 0 0
 34 123 1 56 0 58 1 2
 35 90 1 36 0 68 0 0
 36 47 0 38 0 70 1 3
 37 55 0 43 0 74 1 2
 38 70 0 43 0 75 1 2
 39 77 0 62 1 25 1 1
 40 73 0 54 1 96 1 15
 81 2510505
 587 233 220
 40
 1 106 0 55 1 57 0 1
 2 75 0 71 0 81 1 3
 3 105 0 52 1 76 0 0
 4 97 1 41 1 72 0 2
 5 102 0 31 1 60 1 2
 6 62 1 47 1 69 0 2
 7 74 1 62 1 79 0 2
 8 78 0 70 1 118 0 1
 9 75 0 39 1 55 1 2
 10 57 1 46 1 59 0 3
 11 53 1 51 0 62 0 1
 12 86 1 70 0 37 1 2
 13 67 1 38 1 75 1 1
 14 100 1 77 1 31 0 4
 15 108 1 52 0 98 0 5
 16 48 0 42 1 54 0 2
 17 71 1 25 0 27 0 2
 18 70 0 55 1 71 1 4
 19 120 0 92 1 27 1 3
 20 96 1 45 1 66 1 2
 21 93 0 88 1 34 1 2
 22 53 1 55 0 64 0 0
 23 106 1 32 0 43 1 1
 24 63 0 45 0 66 1 1
 25 69 1 63 1 110 0 2
 26 107 0 48 1 50 0 1
 27 99 0 77 1 29 1 4
 28 73 0 64 1 32 0 1
 29 86 1 68 1 96 0 1
 30 88 1 36 0 52 1 3
 31 88 1 56 1 25 0 4
 32 82 0 79 1 36 1 2
 33 82 1 69 1 84 0 0
 34 108 0 103 1 44 1 3
 35 97 1 75 0 36 1 0
 36 85 0 36 1 68 1 2
 37 116 0 48 1 61 0 5
 38 109 0 37 0 63 1 4
 39 74 1 75 0 37 0 7
 40 54 0 33 0 55 1 65
 82 2510605
 587 233 220
 40
 1 49 1 50 1 65 0 2
 2 115 1 75 1 28 1 2
 3 120 0 31 0 37 1 5
 4 70 0 52 1 21 0 3
 5 73 1 63 1 94 1 1
 6 64 0 32 0 34 1 0
 7 73 1 21 0 35 0 1
 8 62 1 47 0 84 0 5
 9 108 0 56 1 59 0 1
 10 115 1 57 0 24 1 3
 11 72 1 37 0 72 0 4
 12 110 1 51 0 88 1 4
 13 53 0 19 1 37 1 4
 14 72 0 64 1 91 0 3
 15 63 0 46 0 93 1 1
 16 104 1 102 1 42 1 1
 17 63 1 32 0 55 1 3
 18 91 0 40 0 61 1 3
 19 67 1 52 1 83 0 1
 20 68 0 68 1 74 0 4
 21 96 1 40 0 75 0 3
 22 88 1 58 0 19 1 3
 23 114 0 34 0 53 1 5
 24 68 1 42 0 77 0 3
 25 58 0 47 1 79 0 0
 26 99 1 81 1 110 1 1
 27 122 0 85 1 33 1 2
 28 51 1 41 0 77 1 2
 29 93 1 62 1 21 1 4
 30 103 0 47 1 66 1 3
 31 76 1 72 0 34 0 2
 32 47 0 34 0 70 1 1
 33 103 0 91 1 45 1 2
 34 96 1 35 0 60 1 5
 35 95 0 69 0 122 1 1
 36 108 1 20 0 36 1 5
 37 70 0 51 0 70 1 0
 38 67 1 61 0 87 0 4
 39 74 1 60 1 103 0 2
 40 42 1 39 0 53 1 72
 83 2510705
 587 233 220
 40
 1 69 1 47 1 80 0 7
 2 61 1 55 1 75 1 6
 3 89 0 39 0 57 1 1
 4 40 0 36 1 58 1 3
 5 69 0 48 0 81 1 1
 6 77 0 58 1 99 1 5
 7 88 0 80 0 22 1 4
 8 66 1 27 0 42 0 3
 9 69 0 48 1 73 1 3
 10 67 1 58 1 80 1 1
 11 97 0 95 1 23 0 4
 12 68 1 54 0 97 1 1
 13 70 1 36 0 69 0 3
 14 50 1 43 0 60 0 3
 15 97 1 42 0 73 1 3
 16 76 0 73 1 27 0 7
 17 60 1 21 1 37 0 1
 18 56 1 46 0 84 0 0
 19 54 0 43 1 82 1 0
 20 82 0 32 1 60 1 1
 21 72 0 58 0 108 1 1
 22 48 0 32 1 55 1 3
 23 36 1 32 0 63 1 2
 24 64 0 27 1 48 0 7
 25 38 1 36 0 45 0 2
 26 68 1 54 1 98 0 5
 27 113 1 52 1 75 1 2
 28 81 0 70 1 100 1 2
 29 108 0 37 0 36 1 8
 30 123 0 42 1 41 1 2
 31 63 0 55 1 100 1 4
 32 54 0 51 0 62 1 6
 33 72 0 38 1 40 1 4
 34 76 0 27 1 27 0 2
 35 74 1 27 0 36 0 3
 36 36 1 35 0 38 1 2
 37 106 0 56 0 75 1 3
 38 110 0 31 1 35 1 5
 39 70 0 47 1 72 1 1
 40 55 0 27 0 44 1 81
 84 2510805
 587 233 220
 40
 1 112 1 44 1 81 0 6
 2 79 0 76 0 103 1 2
 3 77 1 49 0 79 0 2
 4 99 0 92 0 40 1 1
 5 79 0 68 1 23 1 5
 6 91 1 66 0 20 1 7
 7 87 1 53 0 25 1 5
 8 90 1 28 1 47 0 1
 9 35 0 25 1 37 1 1
 10 70 1 28 0 52 0 3
 11 40 1 39 0 70 0 3
 12 84 0 23 0 32 1 3
 13 81 0 33 1 56 0 3
 14 113 1 97 1 38 0 4
 15 53 1 38 1 57 0 8
 16 47 1 40 1 77 0 0
 17 48 1 40 0 50 0 2
 18 61 0 51 0 83 1 1
 19 113 0 81 0 34 1 2
 20 87 1 43 0 51 0 5
 21 114 1 26 1 44 0 3
 22 67 1 54 0 76 0 6
 23 71 1 34 0 47 1 1
 24 88 1 68 0 19 1 6
 25 99 0 26 1 33 1 4
 26 101 1 23 0 41 0 2
 27 76 1 68 0 110 0 0
 28 86 1 67 0 30 1 5
 29 115 1 46 0 83 0 6
 30 74 0 38 0 43 1 2
 31 76 0 34 0 45 1 4
 32 90 1 39 0 66 1 4
 33 60 0 42 1 67 0 5
 34 68 0 61 0 75 1 3
 35 114 1 34 1 65 0 1
 36 56 1 33 0 54 0 1
 37 64 0 58 0 76 1 2
 38 56 1 55 0 59 1 4
 39 68 1 35 1 41 1 5
 40 54 0 52 1 75 1 23
 85 2510905
 587 233 220
 40
 1 53 0 22 1 37 1 3
 2 74 0 30 0 54 1 1
 3 57 1 36 0 64 1 4
 4 80 1 74 1 23 0 1
 5 69 1 64 0 76 1 2
 6 41 0 31 0 43 1 1
 7 104 0 94 1 27 1 4
 8 75 1 64 1 109 1 3
 9 93 0 94 1 42 1 2
 10 82 0 59 1 114 1 4
 11 59 0 47 1 59 1 4
 12 112 0 40 0 42 1 6
 13 67 0 68 1 99 0 3
 14 82 1 68 0 24 1 4
 15 98 1 32 0 36 0 2
 16 100 1 60 0 99 1 2
 17 47 1 43 1 80 0 1
 18 37 0 29 1 42 0 1
 19 62 0 56 1 82 1 2
 20 95 0 80 0 104 1 4
 21 121 0 57 1 23 1 3
 22 101 0 41 0 53 1 0
 23 76 0 34 1 57 1 2
 24 69 0 52 0 71 1 4
 25 89 1 59 1 23 0 5
 26 87 0 55 1 99 1 1
 27 98 1 32 1 55 0 2
 28 98 1 32 1 50 1 3
 29 49 1 35 1 61 1 0
 30 46 0 30 1 55 1 0
 31 79 1 29 0 53 0 3
 32 114 1 45 0 79 0 3
 33 80 1 69 0 91 0 0
 34 64 0 34 0 48 1 2
 35 38 0 33 1 60 0 3
 36 74 1 72 1 30 0 1
 37 109 0 60 0 26 1 4
 38 102 0 80 0 22 1 2
 39 103 0 69 0 20 1 2
 40 57 0 51 1 60 1 38
 86 2511005
 587 233 220
 40
 1 89 1 29 1 32 1 3
 2 72 1 57 0 96 1 2
 3 60 1 40 1 72 1 3
 4 54 1 48 0 64 0 3
 5 79 0 39 1 55 1 4
 6 99 0 47 1 66 0 5
 7 72 1 30 1 32 0 1
 8 82 0 38 1 57 0 1
 9 58 1 57 0 82 0 2
 10 89 1 77 1 34 0 1
 11 79 0 74 1 106 1 3
 12 56 0 52 1 60 0 3
 13 110 0 26 0 26 1 4
 14 53 1 41 1 75 0 3
 15 104 0 57 1 28 1 3
 16 64 0 45 1 69 1 4
 17 47 1 39 0 51 0 4
 18 79 1 78 1 39 1 2
 19 96 1 30 1 58 1 2
 20 100 0 79 0 40 1 3
 21 90 0 70 1 32 0 4
 22 49 1 43 1 68 1 3
 23 64 1 26 0 37 0 1
 24 72 0 56 0 24 1 3
 25 79 1 74 0 114 1 3
 26 87 1 57 1 30 1 3
 27 99 0 47 1 49 1 4
 28 88 1 73 0 27 0 2
 29 91 1 44 1 73 0 6
 30 82 0 65 1 27 1 5
 31 91 1 61 1 118 0 1
 32 100 1 75 0 26 1 0
 33 98 1 35 0 36 1 0
 34 78 1 36 1 55 1 2
 35 109 1 44 0 64 0 3
 36 88 0 28 1 29 0 2
 37 64 0 31 1 57 1 2
 38 47 1 24 0 50 0 1
 39 70 1 65 1 73 1 4
 40 52 1 42 1 68 0 45
 87 2511105
 587 233 220
 40
 1 117 1 29 0 34 1 1
 2 69 1 47 0 86 0 5
 3 78 0 79 1 98 1 4
 4 107 1 35 1 42 1 1
 5 73 0 48 1 80 1 3
 6 76 0 60 1 29 1 2
 7 34 1 32 0 40 0 0
 8 61 1 26 0 43 1 2
 9 75 1 70 0 107 1 3
 10 98 1 41 0 65 1 3
 11 99 1 84 1 29 0 2
 12 70 0 63 1 82 0 5
 13 43 1 38 0 59 0 4
 14 89 1 57 0 103 1 6
 15 101 1 82 1 26 1 1
 16 34 1 30 1 40 1 3
 17 75 1 32 1 56 0 1
 18 118 0 34 1 53 0 1
 19 112 1 49 0 69 0 6
 20 67 1 58 0 105 0 2
 21 46 0 37 1 50 1 3
 22 82 1 34 1 50 0 2
 23 71 1 34 0 36 0 4
 24 76 1 39 1 60 0 2
 25 68 1 61 0 71 1 3
 26 83 0 63 1 29 0 3
 27 96 1 70 0 33 0 3
 28 36 1 29 0 55 1 4
 29 64 1 52 1 25 1 3
 30 83 0 49 1 97 1 3
 31 95 1 44 0 71 1 3
 32 84 1 26 0 34 1 4
 33 60 1 32 1 61 1 3
 34 110 0 38 1 46 1 5
 35 50 1 29 0 53 0 2
 36 115 1 26 0 44 0 3
 37 102 1 39 1 63 0 1
 38 70 0 47 0 92 1 3
 39 55 0 46 1 63 1 1
 40 73 1 27 0 51 1 34
 88 2511205
 587 233 220
 40
 1 101 0 40 0 59 1 4
 2 89 0 33 1 68 1 3
 3 97 0 79 0 39 1 2
 4 92 1 82 1 25 0 1
 5 83 0 37 1 50 1 1
 6 54 0 48 1 79 1 2
 7 86 0 34 1 48 0 4
 8 80 1 28 0 45 0 8
 9 79 0 59 1 29 0 4
 10 97 1 27 0 40 1 0
 11 47 0 41 1 54 0 2
 12 116 0 82 1 28 1 4
 13 58 0 56 0 102 1 4
 14 62 0 45 1 72 1 1
 15 58 1 56 0 19 1 3
 16 97 0 81 0 99 1 4
 17 116 0 43 0 61 1 4
 18 98 1 68 1 26 1 4
 19 82 0 44 1 85 0 2
 20 114 1 50 0 23 1 3
 21 77 0 32 1 44 0 3
 22 109 0 50 1 59 1 2
 23 82 1 36 0 47 0 1
 24 100 0 78 1 28 1 1
 25 54 1 36 0 55 1 4
 26 86 0 80 1 35 1 2
 27 102 0 84 0 29 1 2
 28 110 0 43 0 51 1 6
 29 37 0 33 0 61 1 4
 30 99 0 93 1 23 1 2
 31 66 1 59 1 28 1 4
 32 56 0 43 1 65 1 4
 33 83 1 54 0 25 1 7
 34 100 0 82 0 36 1 2
 35 57 0 54 1 101 1 2
 36 63 1 25 0 39 0 5
 37 53 1 41 0 70 1 7
 38 42 1 38 1 74 1 5
 39 106 1 42 1 66 0 3
 40 77 1 48 1 82 0 18
 89 2511305
 587 233 220
 40
 1 100 0 90 1 48 1 1
 2 57 1 41 1 68 0 3
 3 60 1 60 0 104 0 2
 4 66 0 52 0 72 1 4
 5 124 1 87 1 29 0 0
 6 96 0 75 1 105 0 3
 7 53 0 36 1 59 0 3
 8 76 0 61 1 94 0 5
 9 44 1 41 1 45 0 2
 10 69 1 35 1 67 1 5
 11 122 1 58 0 64 1 1
 12 56 1 44 0 89 0 3
 13 70 0 59 1 75 0 2
 14 37 0 32 0 41 1 1
 15 93 1 43 1 80 0 1
 16 64 1 66 1 67 0 2
 17 71 1 61 1 104 0 2
 18 108 1 71 0 20 1 4
 19 52 1 22 0 36 0 2
 20 124 0 34 0 44 1 0
 21 72 0 31 0 53 1 2
 22 60 0 26 0 45 1 1
 23 87 1 37 1 57 1 1
 24 78 0 61 1 78 0 6
 25 85 1 42 1 42 1 3
 26 66 1 49 0 80 1 2
 27 77 0 50 0 89 1 3
 28 66 1 49 1 83 1 2
 29 74 0 50 0 79 1 5
 30 90 1 55 1 108 0 3
 31 43 0 40 1 70 1 2
 32 53 0 54 1 81 1 5
 33 75 1 28 0 54 0 1
 34 86 1 24 0 43 0 4
 35 59 1 30 0 45 1 2
 36 74 1 57 0 99 0 3
 37 70 1 51 0 94 0 1
 38 83 0 67 1 92 0 0
 39 79 0 63 0 29 1 2
 40 58 1 47 0 88 1 21
 90 2511405
 587 233 220
 40
 1 95 0 34 1 51 0 0
 2 78 0 66 1 91 1 2
 3 108 1 44 1 83 1 1
 4 118 0 43 1 55 0 0
 5 91 1 63 0 115 0 3
 6 80 1 32 0 43 0 5
 7 104 0 37 1 67 0 2
 8 115 1 55 0 84 0 2
 9 95 1 59 1 30 0 4
 10 43 1 36 1 45 1 3
 11 82 1 79 1 93 1 2
 12 84 0 63 0 26 1 2
 13 98 0 80 1 30 1 1
 14 85 0 74 1 100 0 5
 15 108 1 59 0 75 1 5
 16 41 0 32 1 51 0 2
 17 99 1 37 1 65 1 2
 18 58 1 42 0 75 0 2
 19 62 1 58 0 114 0 1
 20 88 0 68 0 34 1 2
 21 56 0 58 0 64 1 2
 22 93 0 42 0 57 1 4
 23 102 1 38 1 61 1 4
 24 82 0 35 0 64 1 1
 25 32 1 30 0 53 1 0
 26 95 1 39 1 75 0 0
 27 75 1 70 0 81 1 2
 28 60 1 28 0 45 0 3
 29 64 0 48 1 83 1 4
 30 79 1 25 1 31 0 4
 31 106 1 53 1 25 1 1
 32 39 1 33 1 64 0 2
 33 99 1 54 1 21 0 1
 34 76 0 70 1 83 1 2
 35 66 1 56 0 92 0 2
 36 97 0 75 0 35 1 2
 37 57 0 46 1 78 0 3
 38 35 1 30 0 41 0 1
 39 63 0 50 1 77 1 3
 40 94 1 42 1 48 1 32
 91 2511505
 587 233 220
 40
 1 63 1 57 0 87 1 1
 2 36 1 34 0 61 0 2
 3 35 1 28 1 41 0 1
 4 86 0 26 1 34 0 1
 5 106 1 96 1 43 1 3
 6 51 1 44 0 67 0 3
 7 73 1 41 1 74 0 1
 8 41 1 26 1 49 0 0
 9 75 1 58 0 95 0 3
 10 76 1 52 1 96 1 2
 11 97 1 63 1 32 1 3
 12 111 1 80 1 37 1 2
 13 96 0 46 1 54 0 2
 14 62 1 60 0 67 1 2
 15 94 1 69 1 96 1 0
 16 86 1 87 1 34 1 5
 17 73 1 67 0 89 0 4
 18 92 1 74 1 98 0 0
 19 93 1 87 1 36 0 1
 20 71 0 31 0 42 1 4
 21 96 1 40 1 65 1 2
 22 40 1 20 0 35 1 3
 23 113 1 39 1 77 1 1
 24 63 1 48 0 82 0 2
 25 106 1 99 1 19 1 0
 26 67 1 64 1 74 1 4
 27 74 0 65 0 25 1 4
 28 107 0 50 1 65 0 2
 29 96 1 78 1 93 0 2
 30 61 1 48 1 79 0 2
 31 86 1 84 1 39 1 1
 32 75 1 63 1 119 1 3
 33 121 0 47 1 78 1 3
 34 59 1 50 0 63 0 2
 35 72 0 28 0 39 1 4
 36 91 1 50 1 91 0 3
 37 83 1 63 1 87 0 1
 38 62 0 55 1 80 0 0
 39 65 0 62 1 117 0 1
 40 100 1 28 1 44 0 62
 92 2511605
 587 233 220
 40
 1 81 1 64 0 97 0 2
 2 63 1 58 1 75 1 3
 3 82 1 43 0 59 1 4
 4 70 1 58 1 94 1 5
 5 88 0 79 1 96 1 1
 6 116 1 63 0 28 0 3
 7 87 1 35 1 43 1 5
 8 65 1 27 1 45 1 5
 9 121 1 82 0 33 0 1
 10 59 1 46 1 62 1 6
 11 40 0 41 1 50 0 3
 12 46 0 33 1 57 0 3
 13 89 0 62 0 110 1 2
 14 38 1 33 0 50 0 1
 15 62 0 55 1 74 0 5
 16 64 1 61 0 21 1 3
 17 86 0 73 1 35 1 3
 18 60 1 49 1 61 0 1
 19 54 0 48 1 72 0 1
 20 54 0 46 1 60 0 2
 21 68 0 48 0 23 1 2
 22 49 0 39 1 70 1 1
 23 117 1 20 1 37 0 5
 24 84 1 32 1 37 1 6
 25 69 1 63 0 81 1 3
 26 46 0 38 1 69 0 1
 27 55 1 45 1 64 1 2
 28 73 0 66 0 76 1 5
 29 110 1 61 0 28 1 0
 30 75 1 32 1 61 0 4
 31 70 0 60 1 21 1 3
 32 98 0 87 1 24 1 1
 33 71 0 50 1 98 1 3
 34 90 0 44 1 52 0 2
 35 77 0 58 1 83 0 4
 36 99 0 63 0 106 1 4
 37 78 1 40 1 69 0 5
 38 115 0 84 0 21 1 2
 39 59 0 54 0 88 1 0
 40 73 1 32 1 47 1 40
 93 2511705
 587 233 220
 40
 1 76 1 39 0 67 0 3
 2 94 1 61 0 117 1 2
 3 68 0 51 1 19 0 3
 4 124 0 47 1 70 0 1
 5 84 1 57 1 104 0 0
 6 77 1 50 1 85 0 3
 7 100 1 93 1 45 0 4
 8 74 1 60 0 88 0 0
 9 64 1 46 1 80 0 2
 10 76 1 68 0 121 1 2
 11 68 1 59 0 106 0 1
 12 63 1 49 1 89 1 5
 13 79 0 38 0 49 1 2
 14 90 1 82 1 38 0 4
 15 60 0 52 1 97 0 0
 16 122 1 37 0 65 0 3
 17 76 1 63 1 84 1 0
 18 95 1 34 1 57 1 5
 19 110 0 48 1 77 0 3
 20 56 1 40 1 80 0 1
 21 74 0 65 1 84 1 1
 22 108 1 37 1 75 0 2
 23 34 0 31 1 38 1 2
 24 86 1 72 0 87 0 3
 25 69 1 60 0 118 0 2
 26 75 1 63 0 85 0 1
 27 61 0 44 1 65 1 3
 28 85 0 27 1 38 0 3
 29 113 1 33 1 41 0 3
 30 68 0 61 0 71 1 3
 31 54 0 39 1 65 1 0
 32 79 1 34 1 40 0 2
 33 48 0 42 1 76 1 1
 34 45 1 29 0 56 0 2
 35 86 1 24 0 34 0 1
 36 95 0 21 1 40 0 4
 37 85 1 74 0 88 1 3
 38 71 1 32 1 46 0 3
 39 56 1 42 0 56 0 6
 40 45 1 36 1 62 1 68
 94 2511805
 587 233 220
 40
 1 73 0 69 1 75 0 9
 2 57 1 41 0 65 0 3
 3 54 1 43 1 62 0 2
 4 94 0 27 0 54 1 1
 5 74 0 27 1 35 0 2
 6 75 1 60 1 91 0 5
 7 43 1 27 1 54 1 5
 8 80 1 59 1 103 1 1
 9 51 1 44 1 60 0 4
 10 78 1 49 1 89 0 2
 11 80 0 76 0 19 1 3
 12 68 0 67 0 116 1 5
 13 84 1 34 0 51 0 4
 14 59 0 54 0 23 1 5
 15 53 0 33 0 54 1 3
 16 81 1 54 1 90 1 4
 17 86 1 71 0 28 1 5
 18 55 1 42 0 83 0 1
 19 80 0 26 1 35 1 1
 20 104 0 39 1 63 1 2
 21 79 0 37 1 45 0 3
 22 40 1 35 0 48 0 2
 23 40 0 39 1 44 1 3
 24 86 1 42 0 73 0 3
 25 63 1 50 0 84 0 1
 26 56 1 51 0 58 0 0
 27 55 0 22 1 35 0 5
 28 90 1 46 0 92 0 1
 29 83 0 36 1 51 0 3
 30 90 1 37 0 58 1 1
 31 108 0 41 0 47 1 3
 32 71 0 46 1 75 0 1
 33 70 0 64 0 97 1 5
 34 105 1 94 0 32 1 4
 35 74 0 58 1 89 1 2
 36 95 0 41 0 58 1 1
 37 86 0 76 1 36 0 2
 38 78 1 54 0 113 0 1
 39 53 1 28 1 29 1 2
 40 42 1 45 0 46 1 55
 95 2511905
 587 233 220
 40
 1 99 0 70 1 20 0 3
 2 103 0 52 1 68 0 3
 3 72 1 33 0 59 0 4
 4 67 0 32 1 62 1 3
 5 72 1 66 1 30 0 2
 6 31 1 31 1 39 1 4
 7 107 1 37 0 46 0 2
 8 99 0 38 1 40 0 1
 9 95 0 83 0 41 1 5
 10 84 1 57 0 21 0 0
 11 96 1 36 0 47 1 2
 12 85 0 57 1 22 1 1
 13 55 0 44 1 69 0 2
 14 118 1 70 1 28 0 3
 15 100 0 49 1 91 1 4
 16 55 0 40 1 57 1 4
 17 65 1 60 0 85 1 4
 18 52 0 44 1 84 0 4
 19 66 0 56 0 64 1 3
 20 69 0 63 0 81 1 3
 21 91 1 71 1 29 1 1
 22 80 1 65 1 33 0 4
 23 48 1 41 1 51 1 4
 24 75 0 59 1 88 0 2
 25 43 1 39 1 48 1 4
 26 55 1 20 0 26 0 3
 27 98 1 41 0 51 0 2
 28 70 0 59 0 97 1 2
 29 49 1 42 1 63 1 2
 30 66 1 53 1 96 0 3
 31 96 1 80 0 33 0 3
 32 57 1 55 0 101 0 3
 33 115 0 92 0 33 1 5
 34 97 0 57 0 22 1 2
 35 119 1 98 0 22 1 2
 36 74 1 56 0 86 0 4
 37 96 0 76 1 24 1 2
 38 82 1 41 0 60 1 2
 39 78 1 53 1 92 1 3
 40 41 0 30 1 48 0 84
 96 2512005
 587 233 220
 40
 1 64 0 27 0 41 1 5
 2 60 0 52 1 97 1 2
 3 90 0 84 1 22 1 2
 4 92 1 34 1 47 0 3
 5 48 0 36 1 56 1 1
 6 91 0 43 0 61 1 5
 7 48 0 48 1 72 0 2
 8 59 1 24 0 40 0 1
 9 61 0 26 1 33 1 3
 10 108 1 53 0 93 0 2
 11 115 1 41 0 54 1 1
 12 95 0 83 0 39 1 2
 13 79 1 66 0 85 1 4
 14 81 1 56 0 83 0 4
 15 53 0 45 1 81 1 2
 16 119 1 23 1 31 0 4
 17 89 0 56 1 25 1 3
 18 97 1 32 1 40 0 4
 19 112 1 95 1 40 1 6
 20 71 1 63 0 22 0 2
 21 94 1 72 1 105 1 1
 22 120 0 34 1 33 1 4
 23 60 0 41 0 61 1 1
 24 93 0 40 0 45 1 4
 25 99 0 29 1 39 0 3
 26 52 0 48 1 78 0 4
 27 62 0 46 1 91 0 3
 28 122 1 27 1 28 1 4
 29 75 0 55 1 96 0 1
 30 114 1 40 1 49 0 7
 31 78 0 57 1 85 1 1
 32 52 0 39 1 64 1 8
 33 46 0 40 0 61 1 2
 34 83 0 72 0 26 1 1
 35 66 1 53 1 24 0 4
 36 82 1 71 1 95 0 2
 37 100 0 32 0 30 1 0
 38 106 1 64 0 25 0 1
 39 62 1 51 1 65 0 5
 40 59 1 42 0 74 1 34
 97 2512105
 587 233 220
 40
 1 72 0 31 0 59 1 4
 2 103 1 45 1 53 1 1
 3 96 1 42 1 76 0 3
 4 97 1 69 1 31 0 0
 5 38 1 24 1 43 1 3
 6 64 1 60 0 26 1 4
 7 53 1 37 0 58 0 1
 8 69 0 63 1 78 0 3
 9 115 0 50 0 88 1 3
 10 101 0 80 1 26 0 2
 11 71 0 62 1 84 0 0
 12 114 1 30 1 55 0 9
 13 92 0 25 1 42 1 3
 14 55 1 39 0 56 0 0
 15 85 1 42 0 62 0 3
 16 79 1 72 0 83 1 3
 17 53 0 49 1 93 0 2
 18 75 1 75 1 36 0 4
 19 74 0 45 0 81 1 4
 20 46 1 47 1 83 0 1
 21 56 1 53 1 97 0 4
 22 60 1 64 0 32 1 2
 23 65 1 40 1 72 1 1
 24 96 1 83 0 104 1 0
 25 82 0 57 0 25 1 2
 26 45 1 26 0 48 0 0
 27 76 0 40 0 21 1 3
 28 81 1 39 0 46 0 4
 29 67 1 66 0 29 0 4
 30 71 0 38 0 43 1 3
 31 69 1 31 1 56 0 3
 32 81 1 74 0 119 1 6
 33 69 1 66 1 28 1 1
 34 68 0 64 1 68 1 4
 35 103 1 20 0 32 1 2
 36 114 1 81 1 28 1 6
 37 104 0 36 1 71 1 5
 38 49 0 29 1 56 1 3
 39 50 0 37 0 53 1 0
 40 62 0 41 1 62 0 35
 98 2512205
 587 233 220
 40
 1 102 0 38 0 54 1 4
 2 49 1 46 1 69 0 5
 3 60 0 58 1 111 1 5
 4 63 0 50 1 74 1 5
 5 40 0 37 1 62 0 5
 6 50 0 40 1 72 1 2
 7 63 0 56 1 91 1 2
 8 80 0 58 1 97 1 0
 9 74 1 67 0 80 1 4
 10 49 1 29 1 56 0 4
 11 84 1 61 0 24 0 4
 12 54 1 40 0 75 1 4
 13 110 0 38 1 73 1 5
 14 114 1 27 1 27 1 4
 15 43 1 38 0 52 0 4
 16 58 0 52 1 58 1 5
 17 40 1 22 0 24 0 2
 18 120 0 29 1 42 1 6
 19 56 0 55 1 78 0 1
 20 90 1 65 0 32 0 3
 21 112 1 90 0 39 1 2
 22 94 1 26 1 27 1 4
 23 78 1 42 1 79 1 0
 24 84 0 49 0 97 1 1
 25 89 0 64 0 115 1 3
 26 98 1 42 1 61 0 4
 27 41 1 39 1 69 1 2
 28 51 1 43 0 68 0 3
 29 72 0 32 1 40 0 2
 30 48 1 38 1 52 1 2
 31 100 1 40 0 51 0 3
 32 103 1 24 1 31 1 1
 33 88 0 53 1 89 0 4
 34 54 1 29 0 52 0 2
 35 53 0 38 1 61 1 1
 36 84 1 41 1 44 0 4
 37 121 1 25 1 44 1 5
 38 69 1 55 0 97 0 3
 39 98 0 39 1 53 0 2
 40 45 1 42 1 68 1 41
 99 2512305
 587 233 220
 40
 1 45 1 45 1 49 1 4
 2 96 0 49 1 90 0 3
 3 116 0 24 0 41 1 2
 4 38 0 31 1 53 1 4
 5 115 0 40 1 44 0 4
 6 87 0 77 0 106 1 4
 7 58 1 55 0 76 1 0
 8 120 0 101 0 39 1 2
 9 63 1 48 0 23 1 4
 10 108 0 31 1 39 0 1
 11 103 1 33 1 42 1 5
 12 91 1 54 1 26 0 3
 13 35 1 35 1 58 0 7
 14 72 0 76 1 83 1 3
 15 108 0 84 1 32 1 6
 16 108 1 29 1 44 0 3
 17 35 1 30 1 47 0 4
 18 89 0 63 1 24 1 4
 19 117 1 30 0 31 0 4
 20 97 1 87 0 31 1 4
 21 120 0 44 1 76 1 2
 22 56 0 26 1 42 0 4
 23 92 1 24 1 45 0 4
 24 97 1 63 0 22 0 5
 25 74 0 59 0 81 1 5
 26 66 0 32 1 38 1 2
 27 57 1 32 1 58 0 1
 28 107 0 54 1 26 0 1
 29 75 1 56 1 86 0 3
 30 76 0 34 1 67 1 3
 31 73 1 23 1 36 1 4
 32 83 1 35 1 58 0 4
 33 113 1 21 1 35 1 4
 34 43 1 37 0 68 0 6
 35 97 0 43 1 76 0 1
 36 62 0 62 0 82 1 4
 37 68 1 30 0 49 1 3
 38 91 1 48 0 23 1 4
 39 71 0 47 1 24 1 2
 40 75 0 31 1 42 1 54
 100 2512405
 587 233 220
 40
 1 49 1 47 0 77 1 2
 2 45 0 41 0 46 1 1
 3 95 1 38 1 46 0 2
 4 103 0 92 1 33 1 3
 5 110 1 45 1 75 0 3
 6 72 1 27 0 37 0 1
 7 78 1 55 0 109 0 4
 8 41 0 25 1 45 1 0
 9 105 0 40 1 46 1 2
 10 61 0 46 1 71 1 6
 11 101 1 45 0 55 0 4
 12 123 1 44 1 61 0 2
 13 75 1 52 1 76 1 0
 14 48 1 47 0 63 1 3
 15 94 1 28 1 51 0 1
 16 82 1 81 1 28 0 3
 17 115 1 75 0 35 1 2
 18 76 1 61 0 103 0 4
 19 69 1 64 1 80 1 3
 20 77 1 54 0 101 1 5
 21 76 0 60 0 30 1 5
 22 79 1 19 1 24 0 1
 23 99 0 33 1 44 0 5
 24 97 1 51 1 58 0 2
 25 46 1 37 0 65 0 5
 26 66 0 33 1 35 0 4
 27 120 0 47 1 81 1 1
 28 57 1 46 0 73 1 2
 29 96 1 48 0 71 1 3
 30 77 0 30 0 51 1 2
 31 94 1 47 0 71 1 4
 32 92 0 43 1 70 1 2
 33 45 1 45 1 57 1 3
 34 120 1 33 1 36 0 2
 35 49 0 49 0 50 1 5
 36 76 0 79 1 82 1 1
 37 115 0 31 1 53 1 3
 38 88 0 42 1 46 1 3
 39 46 1 40 1 70 0 2
 40 83 1 38 1 73 1 23
