100
 1 2502505
 587 233 220
 1
 1 111 1 76 1 31 1 115
 2 2502605
 587 233 220
 1
 1 48 0 22 0 25 1 1139
 3 2502705
 587 233 220
 1
 1 98 0 82 0 26 1 144
 4 2502805
 587 233 220
 1
 1 117 1 89 1 35 1 82
 5 2502905
 587 233 220
 1
 1 88 1 40 0 52 0 164
 6 2503005
 587 233 220
 1
 1 82 0 45 1 90 0 90
 7 2503105
 587 233 220
 1
 1 121 1 52 0 79 1 60
 8 2503205
 587 233 220
 1
 1 59 0 58 0 79 1 111
 9 2503305
 587 233 220
 1
 1 74 1 66 1 89 1 69
 10 2503405
 587 233 220
 1
 1 71 1 68 0 31 0 201
 11 2503505
 587 233 220
 1
 1 61 1 62 0 75 0 106
 12 2503605
 587 233 220
 1
 1 77 1 57 1 98 1 69
 13 2503705
 587 233 220
 1
 1 50 1 26 0 37 0 625
 14 2503805
 587 233 220
 1
 1 69 0 32 1 50 0 272
 15 2503905
 587 233 220
 1
 1 97 1 36 1 43 1 200
 16 2504005
 587 233 220
 1
 1 38 1 41 0 41 1 471
 17 2504105
 587 233 220
 1
 1 74 0 37 1 50 0 219
 18 2504205
 587 233 220
 1
 1 104 0 32 1 56 0 161
 19 2504305
 587 233 220
 1
 1 61 1 26 0 44 0 431
 20 2504405
 587 233 220
 1
 1 80 0 65 0 94 1 61
 21 2504505
 587 233 220
 1
 1 97 0 74 1 110 0 38
 22 2504605
 587 233 220
 1
 1 82 1 50 1 86 1 85
 23 2504705
 587 233 220
 1
 1 82 1 85 0 23 0 187
 24 2504805
 587 233 220
 1
 1 112 0 77 1 28 1 124
 25 2504905
 587 233 220
 1
 1 74 0 37 1 56 1 196
 26 2505005
 587 233 220
 1
 1 82 1 42 1 75 0 116
 27 2505105
 587 233 220
 1
 1 124 1 46 1 65 0 81
 28 2505205
 587 233 220
 1
 1 57 0 55 1 62 1 154
 29 2505305
 587 233 220
 1
 1 59 1 56 0 93 1 97
 30 2505405
 587 233 220
 1
 1 66 1 31 1 53 1 277
 31 2505505
 587 233 220
 1
 1 61 1 49 0 74 1 136
 32 2505605
 587 233 220
 1
 1 94 0 43 1 77 1 96
 33 2505705
 587 233 220
 1
 1 38 1 20 1 41 0 965
 34 2505805
 587 233 220
 1
 1 69 1 27 0 36 1 448
 35 2505905
 587 233 220
 1
 1 105 0 31 1 33 1 280
 36 2506005
 587 233 220
 1
 1 38 0 26 0 43 1 708
 37 2506105
 587 233 220
 1
 1 103 1 42 0 72 0 96
 38 2506205
 587 233 220
 1
 1 106 0 52 0 94 1 58
 39 2506305
 587 233 220
 1
 1 54 1 44 0 86 0 147
 40 2506405
 587 233 220
 1
 1 77 1 63 0 85 1 72
 41 2506505
 587 233 220
 1
 1 82 0 68 0 112 1 48
 42 2506605
 587 233 220
 1
 1 74 1 48 1 80 1 105
 43 2506705
 587 233 220
 1
 1 83 0 68 1 85 1 62
 44 2506805
 587 233 220
 1
 1 111 1 66 1 26 0 157
 45 2506905
 587 233 220
 1
 1 66 1 32 1 56 0 254
 46 2507005
 587 233 220
 1
 1 88 1 36 0 59 1 160
 47 2507105
 587 233 220
 1
 1 120 1 43 0 53 1 110
 48 2507205
 587 233 220
 1
 1 49 1 49 0 60 0 208
 49 2507305
 587 233 220
 1
 1 91 1 43 0 52 1 147
 50 2507405
 587 233 220
 1
 1 38 0 33 1 61 0 393
 51 2507505
 587 233 220
 1
 1 63 0 35 0 63 1 216
 52 2507605
 587 233 220
 1
 1 93 1 74 0 31 0 141
 53 2507705
 587 233 220
 1
 1 82 0 26 1 36 1 392
 54 2507805
 587 233 220
 1
 1 103 0 68 1 22 1 195
 55 2507905
 587 233 220
 1
 1 102 0 99 1 27 1 110
 56 2508005
 587 233 220
 1
 1 88 1 36 0 39 0 243
 57 2508105
 587 233 220
 1
 1 82 1 38 0 74 1 130
 58 2508205
 587 233 220
 1
 1 103 1 45 0 79 0 82
 59 2508305
 587 233 220
 1
 1 50 1 46 1 73 0 179
 60 2508405
 587 233 220
 1
 1 75 0 58 1 81 1 85
 61 2508505
 587 233 220
 1
 1 69 1 62 0 106 1 66
 62 2508605
 587 233 220
 1
 1 63 0 53 0 68 1 132
 63 2508705
 587 233 220
 1
 1 73 1 62 1 84 1 79
 64 2508805
 587 233 220
 1
 1 118 0 57 1 19 1 235
 65 2508905
 587 233 220
 1
 1 53 1 26 1 51 0 428
 66 2509005
 587 233 220
 1
 1 85 0 32 1 47 1 235
 67 2509105
 587 233 220
 1
 1 122 1 40 0 39 1 158
 68 2509205
 587 233 220
 1
 1 44 1 35 0 60 1 325
 69 2509305
 587 233 220
 1
 1 94 0 33 0 51 1 190
 70 2509405
 587 233 220
 1
 1 58 1 29 0 33 1 542
 71 2509505
 587 233 220
 1
 1 67 1 62 1 97 0 74
 72 2509605
 587 233 220
 1
 1 100 0 70 1 95 1 45
 73 2509705
 587 233 220
 1
 1 94 0 39 1 73 0 112
 74 2509805
 587 233 220
 1
 1 76 1 69 1 88 1 65
 75 2509905
 587 233 220
 1
 1 105 0 81 1 23 0 153
 76 2510005
 587 233 220
 1
 1 74 1 29 1 41 0 341
 77 2510105
 587 233 220
 1
 1 75 0 74 0 35 1 154
 78 2510205
 587 233 220
 1
 1 109 1 42 0 69 0 95
 79 2510305
 587 233 220
 1
 1 49 0 48 1 62 1 206
 80 2510405
 587 233 220
 1
 1 62 1 55 0 81 0 108
 81 2510505
 587 233 220
 1
 1 112 0 54 0 63 1 78
 82 2510605
 587 233 220
 1
 1 54 1 48 1 66 0 175
 83 2510705
 587 233 220
 1
 1 74 1 45 0 82 0 110
 84 2510805
 587 233 220
 1
 1 118 0 43 1 79 1 75
 85 2510905
 587 233 220
 1
 1 58 0 21 1 38 1 650
 86 2511005
 587 233 220
 1
 1 85 1 29 1 33 0 369
 87 2511105
 587 233 220
 1
 1 120 1 29 0 35 1 247
 88 2511205
 587 233 220
 1
 1 100 1 40 1 59 0 127
 89 2511305
 587 233 220
 1
 1 95 1 92 0 46 0 74
 90 2511405
 587 233 220
 1
 1 94 1 34 1 52 0 181
 91 2511505
 587 233 220
 1
 1 64 1 57 0 86 1 95
 92 2511605
 587 233 220
 1
 1 84 0 66 0 94 1 57
 93 2511705
 587 233 220
 1
 1 80 1 36 0 66 1 158
 94 2511805
 587 233 220
 1
 1 75 0 67 1 76 0 78
 95 2511905
 587 233 220
 1
 1 96 1 71 0 21 0 210
 96 2512005
 587 233 220
 1
 1 61 1 27 0 40 1 456
 97 2512105
 587 233 220
 1
 1 75 1 31 1 60 0 215
 98 2512205
 587 233 220
 1
 1 107 1 37 1 57 1 133
 99 2512305
 587 233 220
 1
 1 47 0 45 1 53 0 268
 100 2512405
 587 233 220
 1
 1 49 1 46 0 82 1 162
