100
 1 2502505
 587 233 220
 3
 1 105 1 79 0 30 1 39
 2 113 1 26 0 41 1 32
 3 83 0 56 1 92 0 38
 2 2502605
 587 233 220
 3
 1 48 1 21 0 25 0 41
 2 50 1 42 0 59 1 53
 3 78 1 63 1 100 0 45
 3 2502705
 587 233 220
 3
 1 99 1 78 0 27 0 41
 2 98 0 80 1 41 1 40
 3 111 1 36 1 48 0 45
 4 2502805
 587 233 220
 3
 1 115 1 88 0 34 1 66
 2 36 0 29 1 50 0 61
 3 35 1 28 1 60 1 71
 5 2502905
 587 233 220
 3
 1 91 1 40 1 55 0 47
 2 91 0 36 0 56 1 37
 3 89 0 43 0 79 1 45
 6 2503005
 587 233 220
 3
 1 86 1 45 1 82 0 57
 2 84 1 35 1 45 1 52
 3 52 1 37 1 71 0 37
 7 2503105
 587 233 220
 3
 1 121 1 53 0 83 0 33
 2 86 1 31 0 34 1 41
 3 61 1 53 0 63 0 43
 8 2503205
 587 233 220
 3
 1 58 1 58 0 74 0 57
 2 39 0 32 1 60 0 55
 3 80 1 72 1 37 0 55
 9 2503305
 587 233 220
 3
 1 69 1 62 1 87 0 30
 2 86 1 77 0 29 0 30
 3 99 0 84 1 39 0 40
 10 2503405
 587 233 220
 3
 1 70 0 63 1 33 0 42
 2 115 1 26 0 34 0 42
 3 78 0 59 1 92 0 46
 11 2503505
 587 233 220
 3
 1 60 0 58 0 72 1 37
 2 70 1 62 0 24 1 36
 3 80 1 58 1 105 1 35
 12 2503605
 587 233 220
 3
 1 76 1 56 0 97 1 39
 2 111 1 85 1 23 1 29
 3 114 1 38 1 42 1 42
 13 2503705
 587 233 220
 3
 1 53 0 26 0 37 1 102
 2 65 1 21 0 38 0 71
 3 102 1 37 1 62 1 90
 14 2503805
 587 233 220
 3
 1 67 1 30 0 47 0 48
 2 78 1 65 1 102 1 41
 3 78 1 47 0 20 0 59
 15 2503905
 587 233 220
 3
 1 98 1 39 1 45 1 30
 2 77 0 55 1 90 0 49
 3 59 1 41 1 63 1 41
 16 2504005
 587 233 220
 3
 1 42 1 39 0 45 0 44
 2 95 1 42 1 75 0 50
 3 62 1 47 1 64 0 63
 17 2504105
 587 233 220
 3
 1 69 1 34 1 49 0 77
 2 64 0 48 0 75 1 76
 3 80 1 21 1 32 0 69
 18 2504205
 587 233 220
 3
 1 102 0 30 1 55 1 25
 2 86 1 72 1 91 0 25
 3 84 1 88 0 41 0 38
 19 2504305
 587 233 220
 3
 1 60 0 26 1 43 0 41
 2 43 0 41 1 68 1 39
 3 72 1 65 0 97 0 49
 20 2504405
 587 233 220
 3
 1 79 1 66 0 93 0 28
 2 68 0 71 1 80 1 31
 3 106 1 54 1 24 0 33
 21 2504505
 587 233 220
 3
 1 95 0 74 0 104 1 26
 2 97 0 66 0 32 1 25
 3 116 1 37 0 47 0 29
 22 2504605
 587 233 220
 3
 1 76 0 52 0 91 1 27
 2 65 1 48 1 77 0 46
 3 91 1 41 0 67 1 37
 23 2504705
 587 233 220
 3
 1 82 0 78 0 22 1 55
 2 71 0 64 1 118 0 33
 3 76 0 25 1 47 0 52
 24 2504805
 587 233 220
 3
 1 116 1 83 0 30 0 31
 2 64 0 62 0 102 1 33
 3 59 1 44 1 61 0 49
 25 2504905
 587 233 220
 3
 1 78 0 37 1 57 0 40
 2 108 1 50 0 63 0 41
 3 67 0 42 0 69 1 49
 26 2505005
 587 233 220
 3
 1 86 0 40 1 70 0 47
 2 57 0 57 1 72 1 44
 3 103 1 85 0 26 1 37
 27 2505105
 587 233 220
 3
 1 121 1 47 1 67 1 37
 2 96 0 57 1 26 1 33
 3 82 1 47 1 91 1 32
 28 2505205
 587 233 220
 3
 1 57 0 52 1 61 1 33
 2 54 1 51 0 57 0 34
 3 67 0 62 1 97 0 46
 29 2505305
 587 233 220
 3
 1 60 0 57 1 89 1 39
 2 76 1 55 0 90 0 33
 3 108 1 29 1 46 1 40
 30 2505405
 587 233 220
 3
 1 67 1 33 0 52 0 145
 2 41 0 27 1 53 0 119
 3 31 1 32 1 51 0 127
 31 2505505
 587 233 220
 3
 1 62 1 47 1 73 1 45
 2 52 1 50 1 87 1 41
 3 88 1 40 0 71 0 44
 32 2505605
 587 233 220
 3
 1 100 0 44 1 75 1 54
 2 82 0 34 1 45 0 59
 3 73 1 30 1 52 1 42
 33 2505705
 587 233 220
 3
 1 38 1 21 1 38 0 83
 2 77 0 32 1 45 0 98
 3 52 0 53 0 61 1 99
 34 2505805
 587 233 220
 3
 1 67 1 28 1 34 1 47
 2 118 1 42 1 58 1 54
 3 74 0 69 1 36 0 62
 35 2505905
 587 233 220
 3
 1 98 0 31 0 34 1 45
 2 81 0 43 1 70 1 57
 3 93 0 85 1 33 1 44
 36 2506005
 587 233 220
 3
 1 40 1 26 1 43 1 52
 2 105 1 34 1 40 1 73
 3 75 0 55 1 98 0 42
 37 2506105
 587 233 220
 3
 1 103 1 45 1 71 0 23
 2 57 1 39 0 58 0 39
 3 71 1 61 0 108 1 37
 38 2506205
 587 233 220
 3
 1 103 1 50 0 98 1 32
 2 105 0 83 1 35 0 26
 3 111 0 34 1 44 1 36
 39 2506305
 587 233 220
 3
 1 58 0 47 0 92 1 86
 2 38 0 36 0 56 1 60
 3 54 1 24 1 35 1 86
 40 2506405
 587 233 220
 3
 1 74 1 61 0 86 0 29
 2 94 1 33 0 64 0 37
 3 75 0 47 1 85 1 38
 41 2506505
 587 233 220
 3
 1 84 1 65 1 112 0 33
 2 91 0 30 1 44 1 38
 3 58 1 36 0 66 0 38
 42 2506605
 587 233 220
 3
 1 78 1 53 0 79 0 43
 2 84 1 28 1 42 0 61
 3 53 1 48 1 64 0 61
 43 2506705
 587 233 220
 3
 1 77 1 69 1 81 0 37
 2 65 1 27 1 39 1 47
 3 77 0 77 1 32 1 57
 44 2506805
 587 233 220
 3
 1 115 1 66 0 25 0 61
 2 90 1 83 0 25 1 42
 3 90 1 85 1 37 0 37
 45 2506905
 587 233 220
 3
 1 64 0 32 1 56 0 47
 2 120 1 23 0 42 1 39
 3 73 1 58 0 94 1 50
 46 2507005
 587 233 220
 3
 1 85 0 38 1 58 0 35
 2 73 0 70 0 23 1 33
 3 103 0 53 1 80 1 45
 47 2507105
 587 233 220
 3
 1 115 0 42 1 57 0 49
 2 116 1 99 1 19 0 39
 3 123 1 39 0 40 1 42
 48 2507205
 587 233 220
 3
 1 47 1 47 1 61 1 44
 2 62 0 46 1 77 0 56
 3 94 1 37 0 61 1 55
 49 2507305
 587 233 220
 3
 1 95 1 43 0 54 1 32
 2 80 1 70 1 101 1 24
 3 81 1 49 1 82 1 29
 50 2507405
 587 233 220
 3
 1 38 0 33 0 58 1 67
 2 79 1 56 1 102 0 35
 3 58 0 40 1 62 1 65
 51 2507505
 587 233 220
 3
 1 65 1 37 1 64 0 46
 2 74 0 50 1 93 0 49
 3 58 1 43 0 68 0 36
 52 2507605
 587 233 220
 3
 1 96 0 69 0 32 1 61
 2 71 1 47 0 77 1 55
 3 76 0 21 1 25 1 75
 53 2507705
 587 233 220
 3
 1 76 0 27 1 39 1 61
 2 87 1 73 1 25 1 51
 3 88 1 88 0 43 0 51
 54 2507805
 587 233 220
 3
 1 99 1 67 0 23 0 54
 2 53 0 41 1 66 1 52
 3 68 0 61 1 103 1 33
 55 2507905
 587 233 220
 3
 1 95 1 98 1 28 1 40
 2 75 1 66 1 83 1 36
 3 111 0 51 1 21 0 40
 56 2508005
 587 233 220
 3
 1 87 1 35 0 41 0 133
 2 66 0 27 1 34 1 123
 3 33 1 33 0 40 0 138
 57 2508105
 587 233 220
 3
 1 82 0 42 0 71 1 39
 2 61 0 53 1 75 0 42
 3 90 0 41 0 64 1 43
 58 2508205
 587 233 220
 3
 1 110 1 44 1 82 1 37
 2 83 1 62 0 119 1 20
 3 69 1 51 1 22 1 40
 59 2508305
 587 233 220
 3
 1 53 0 44 1 79 1 73
 2 68 1 31 1 62 1 48
 3 56 1 45 0 64 1 64
 60 2508405
 587 233 220
 3
 1 74 0 59 1 82 1 32
 2 56 0 60 1 108 1 35
 3 64 0 39 1 73 1 32
 61 2508505
 587 233 220
 3
 1 71 0 65 1 104 0 27
 2 57 1 57 0 80 1 31
 3 96 1 86 1 23 0 47
 62 2508605
 587 233 220
 3
 1 66 0 49 1 70 1 32
 2 96 1 33 1 52 1 42
 3 94 1 47 1 80 1 45
 63 2508705
 587 233 220
 3
 1 75 1 60 1 85 0 30
 2 49 0 53 0 58 1 29
 3 63 0 58 1 105 1 37
 64 2508805
 587 233 220
 3
 1 114 1 54 1 20 0 42
 2 87 0 49 1 94 1 45
 3 119 0 25 1 43 1 53
 65 2508905
 587 233 220
 3
 1 53 1 26 0 51 1 162
 2 44 1 38 1 47 0 158
 3 35 1 25 1 45 0 159
 66 2509005
 587 233 220
 3
 1 87 1 32 1 45 1 47
 2 66 1 44 0 82 1 53
 3 70 1 46 0 86 1 41
 67 2509105
 587 233 220
 3
 1 116 0 40 1 41 1 55
 2 90 1 37 0 43 1 76
 3 69 0 57 1 27 1 82
 68 2509205
 587 233 220
 3
 1 44 0 36 1 63 1 70
 2 41 1 39 0 75 1 86
 3 48 0 50 1 63 1 84
 69 2509305
 587 233 220
 3
 1 87 0 34 0 51 1 50
 2 122 1 40 0 64 0 47
 3 77 0 69 1 34 0 43
 70 2509405
 587 233 220
 3
 1 59 0 27 1 33 0 43
 2 91 1 41 0 71 0 63
 3 95 0 90 0 29 1 44
 71 2509505
 587 233 220
 3
 1 63 0 62 0 98 1 38
 2 110 0 38 1 41 0 30
 3 71 1 52 0 101 0 27
 72 2509605
 587 233 220
 3
 1 91 0 69 0 101 1 27
 2 63 0 37 1 71 0 21
 3 72 1 57 0 112 1 20
 73 2509705
 587 233 220
 3
 1 93 1 36 0 71 1 44
 2 104 1 97 1 34 1 41
 3 122 1 30 0 40 0 38
 74 2509805
 587 233 220
 3
 1 82 0 67 1 83 1 39
 2 46 1 31 0 53 0 47
 3 98 0 37 0 54 1 44
 75 2509905
 587 233 220
 3
 1 105 1 82 0 24 1 47
 2 90 0 71 1 28 1 47
 3 69 1 48 0 80 0 45
 76 2510005
 587 233 220
 3
 1 76 1 30 1 44 1 86
 2 102 0 27 0 46 1 92
 3 60 1 31 1 59 0 89
 77 2510105
 587 233 220
 3
 1 71 1 72 1 35 1 79
 2 88 0 25 1 51 0 66
 3 52 1 46 1 69 0 51
 78 2510205
 587 233 220
 3
 1 101 1 41 1 68 1 64
 2 75 0 24 1 38 0 51
 3 81 1 76 1 25 1 55
 79 2510305
 587 233 220
 3
 1 46 0 45 1 62 0 86
 2 79 1 21 1 24 1 60
 3 91 0 88 1 33 0 63
 80 2510405
 587 233 220
 3
 1 59 1 53 1 81 1 39
 2 123 1 51 0 21 1 54
 3 67 1 52 1 98 1 38
 81 2510505
 587 233 220
 3
 1 116 1 55 0 59 0 22
 2 75 0 74 0 84 1 26
 3 106 1 48 0 79 0 24
 82 2510605
 587 233 220
 3
 1 49 1 48 0 63 1 57
 2 111 1 76 0 27 0 60
 3 121 1 31 0 35 0 60
 83 2510705
 587 233 220
 3
 1 69 1 46 1 85 1 43
 2 62 0 53 1 75 0 48
 3 94 1 38 0 55 0 33
 84 2510805
 587 233 220
 3
 1 118 1 41 0 81 0 29
 2 79 1 71 0 107 0 24
 3 77 1 52 0 73 1 14
 85 2510905
 587 233 220
 3
 1 55 1 22 0 38 1 113
 2 69 1 32 1 54 1 106
 3 56 0 35 1 63 1 99
 86 2511005
 587 233 220
 3
 1 87 1 28 1 35 1 56
 2 70 0 59 1 102 1 40
 3 60 1 39 1 70 1 51
 87 2511105
 587 233 220
 3
 1 120 1 29 1 35 1 36
 2 71 0 48 1 88 1 29
 3 86 0 76 1 99 0 26
 88 2511205
 587 233 220
 3
 1 105 0 40 1 61 0 42
 2 93 0 33 0 67 1 43
 3 90 0 82 0 39 1 36
 89 2511305
 587 233 220
 3
 1 98 0 94 0 47 1 29
 2 58 1 42 1 63 0 32
 3 62 1 59 0 103 1 33
 90 2511405
 587 233 220
 3
 1 92 1 33 1 53 1 29
 2 77 0 64 0 83 1 28
 3 118 0 45 1 79 1 33
 91 2511505
 587 233 220
 3
 1 62 0 55 1 85 1 72
 2 38 0 33 1 59 1 78
 3 34 0 26 0 39 1 100
 92 2511605
 587 233 220
 3
 1 86 1 65 1 95 1 29
 2 64 1 59 0 77 1 31
 3 89 0 43 0 57 1 26
 93 2511705
 587 233 220
 3
 1 82 1 39 1 70 0 23
 2 86 1 57 0 114 1 39
 3 68 1 56 0 20 1 41
 94 2511805
 587 233 220
 3
 1 74 1 70 0 75 1 44
 2 55 0 40 0 65 1 56
 3 52 0 42 1 64 0 35
 95 2511905
 587 233 220
 3
 1 99 1 69 1 19 1 53
 2 107 1 55 0 68 0 38
 3 74 1 34 1 61 0 52
 96 2512005
 587 233 220
 3
 1 63 0 26 1 40 1 66
 2 61 0 54 1 88 0 50
 3 91 0 83 0 20 1 74
 97 2512105
 587 233 220
 3
 1 73 1 31 1 60 1 50
 2 95 1 44 1 52 1 49
 3 93 1 42 1 71 1 45
 98 2512205
 587 233 220
 3
 1 108 1 38 0 58 0 42
 2 53 0 50 1 69 0 38
 3 64 1 58 1 107 1 33
 99 2512305
 587 233 220
 3
 1 48 0 42 1 53 1 61
 2 98 1 45 1 95 0 45
 3 112 1 22 1 38 0 50
 100 2512405
 587 233 220
 3
 1 48 1 49 1 77 0 69
 2 46 0 43 0 48 1 70
 3 99 1 37 1 43 1 69
