100
 1 2502505
 587 233 220
 12
 1 107 1 79 1 31 1 15
 2 107 0 24 1 43 1 9
 3 84 1 54 1 88 0 7
 4 77 0 28 1 35 0 2
 5 96 0 72 1 117 0 11
 6 115 0 49 1 71 0 4
 7 100 1 48 0 74 1 10
 8 95 1 66 0 30 1 3
 9 81 1 82 0 31 1 9
 10 71 0 25 1 31 0 7
 11 36 0 26 0 36 1 7
 12 65 1 62 0 96 1 13
 2 2502605
 587 233 220
 12
 1 47 1 22 1 24 0 13
 2 52 0 43 1 62 1 9
 3 76 0 65 0 104 1 4
 4 74 0 65 1 98 0 11
 5 113 0 25 1 47 0 13
 6 86 0 70 1 88 1 14
 7 35 1 32 1 49 1 12
 8 82 1 78 1 37 0 13
 9 48 0 46 1 73 0 11
 10 90 1 33 1 44 1 11
 11 102 0 46 0 55 1 11
 12 77 0 22 1 36 1 38
 3 2502705
 587 233 220
 12
 1 95 1 78 1 26 1 7
 2 101 1 82 0 41 0 10
 3 115 1 37 0 45 0 10
 4 50 1 41 0 68 0 10
 5 96 0 25 1 31 1 9
 6 105 1 35 1 55 1 14
 7 91 0 39 1 50 1 9
 8 59 0 59 0 109 1 12
 9 65 0 60 1 104 0 8
 10 57 1 40 1 73 0 18
 11 65 1 63 1 68 1 6
 12 87 0 39 1 64 1 20
 4 2502805
 587 233 220
 12
 1 113 1 95 1 33 1 10
 2 39 1 27 1 54 0 9
 3 33 0 29 1 57 1 14
 4 95 0 30 1 38 0 11
 5 95 0 32 1 62 1 12
 6 125 0 40 0 59 1 8
 7 55 0 47 1 55 1 11
 8 78 1 36 0 45 0 11
 9 69 1 42 1 83 0 14
 10 120 1 48 1 51 0 9
 11 83 0 23 0 45 1 8
 12 95 1 59 1 101 1 17
 5 2502905
 587 233 220
 12
 1 85 0 40 1 56 0 6
 2 90 0 35 1 57 1 11
 3 87 0 42 1 74 1 11
 4 79 1 71 0 101 1 17
 5 85 0 38 1 41 0 12
 6 87 0 57 1 21 0 13
 7 109 1 53 1 58 0 8
 8 94 1 31 0 57 1 4
 9 31 0 32 0 35 1 13
 10 83 0 59 1 86 1 11
 11 106 0 27 1 41 0 8
 12 71 0 33 1 39 0 22
 6 2503005
 587 233 220
 12
 1 85 0 44 1 87 0 17
 2 80 0 33 1 46 1 17
 3 57 1 38 0 69 1 11
 4 60 0 55 1 69 1 11
 5 70 1 41 1 81 1 14
 6 65 1 48 0 72 1 6
 7 70 0 58 0 70 1 10
 8 75 1 73 1 38 1 11
 9 91 1 49 1 97 0 6
 10 52 1 48 0 68 1 6
 11 58 1 48 1 82 0 10
 12 71 1 28 1 45 0 30
 7 2503105
 587 233 220
 12
 1 124 0 51 0 77 1 13
 2 89 1 31 1 34 0 7
 3 56 1 54 0 63 1 9
 4 40 1 34 0 43 0 8
 5 53 0 45 0 64 1 12
 6 83 0 70 1 36 1 12
 7 73 0 35 1 60 0 7
 8 60 1 53 1 100 1 8
 9 64 0 54 1 81 1 11
 10 109 1 73 1 24 0 11
 11 64 1 55 0 74 1 11
 12 99 1 43 0 56 0 20
 8 2503205
 587 233 220
 12
 1 61 1 60 1 76 1 4
 2 37 0 31 0 60 1 6
 3 78 0 71 0 37 1 10
 4 102 1 73 0 104 1 8
 5 45 1 32 1 53 1 6
 6 100 1 102 1 34 1 7
 7 84 1 58 0 94 0 12
 8 110 0 45 1 78 1 8
 9 109 0 70 1 20 1 3
 10 73 0 57 0 81 1 5
 11 120 1 83 1 26 0 11
 12 57 1 38 1 67 0 26
 9 2503305
 587 233 220
 12
 1 72 1 64 0 89 0 1
 2 84 1 80 1 29 0 9
 3 93 1 84 0 38 1 12
 4 79 0 53 1 78 1 14
 5 51 1 43 1 67 0 11
 6 59 0 39 1 71 0 6
 7 63 0 55 1 98 0 12
 8 95 0 29 0 46 1 10
 9 56 0 38 1 71 0 10
 10 90 1 27 1 42 1 13
 11 94 0 29 0 45 1 13
 12 77 0 67 1 76 1 18
 10 2503405
 587 233 220
 12
 1 68 0 69 1 33 0 8
 2 119 0 27 1 35 1 9
 3 73 0 63 1 100 1 15
 4 45 1 34 1 60 1 8
 5 46 0 35 1 53 0 9
 6 52 1 41 0 79 0 10
 7 108 1 60 1 29 0 12
 8 71 1 34 0 62 1 9
 9 42 1 35 1 55 1 7
 10 99 0 59 0 97 1 10
 11 60 0 46 1 65 1 16
 12 95 1 89 0 34 1 17
 11 2503505
 587 233 220
 12
 1 65 1 62 1 74 1 7
 2 68 0 60 0 26 1 15
 3 81 1 59 0 111 1 10
 4 106 0 40 1 74 1 12
 5 124 1 58 0 22 1 7
 6 102 1 42 0 65 0 15
 7 63 1 39 1 69 0 16
 8 58 0 57 1 87 0 9
 9 92 1 68 1 27 0 14
 10 66 0 29 0 31 1 15
 11 76 1 37 1 67 1 12
 12 39 1 25 1 48 0 26
 12 2503605
 587 233 220
 12
 1 77 0 56 0 93 1 7
 2 114 1 87 0 23 0 12
 3 118 0 39 1 42 0 5
 4 76 0 55 0 101 1 13
 5 60 0 59 1 105 0 10
 6 81 1 65 0 85 1 6
 7 46 1 38 0 66 1 6
 8 105 1 45 0 71 0 8
 9 85 0 59 0 24 1 3
 10 38 1 36 1 62 0 9
 11 101 1 90 0 30 1 14
 12 63 0 39 0 70 1 19
 13 2503705
 587 233 220
 12
 1 54 1 26 1 35 0 20
 2 60 1 21 1 39 0 17
 3 98 0 36 1 62 0 17
 4 80 1 38 1 54 1 14
 5 96 0 35 1 64 1 16
 6 101 0 29 1 51 1 12
 7 69 1 56 1 91 0 12
 8 93 1 29 1 33 1 13
 9 110 0 41 0 73 1 13
 10 95 0 36 1 43 0 14
 11 72 1 30 0 48 0 21
 12 102 0 48 1 19 1 33
 14 2503805
 587 233 220
 12
 1 71 0 33 0 47 1 10
 2 77 0 64 1 105 0 12
 3 83 0 47 0 21 1 9
 4 78 1 63 1 120 0 9
 5 77 1 64 1 87 0 7
 6 107 0 35 0 53 1 9
 7 65 0 57 1 70 0 11
 8 76 0 32 1 51 0 8
 9 64 0 60 1 75 1 4
 10 62 1 54 1 68 0 13
 11 47 1 45 0 64 0 11
 12 41 0 36 1 58 1 29
 15 2503905
 587 233 220
 12
 1 103 1 39 1 42 0 7
 2 81 1 57 0 89 1 6
 3 59 0 41 1 68 0 9
 4 87 0 39 0 57 1 7
 5 66 0 48 0 81 1 13
 6 77 1 49 1 84 0 6
 7 70 0 75 1 114 0 6
 8 56 0 52 1 76 0 12
 9 47 0 40 1 77 0 14
 10 119 0 39 1 61 1 4
 11 83 1 65 1 116 1 8
 12 67 1 51 1 69 0 16
 16 2504005
 587 233 220
 12
 1 38 1 40 1 43 1 12
 2 95 1 39 1 74 1 11
 3 63 0 47 1 68 1 7
 4 99 0 38 0 55 1 10
 5 71 0 73 1 26 1 10
 6 57 0 39 1 69 1 7
 7 79 1 71 1 84 0 10
 8 91 0 43 1 72 0 7
 9 97 0 28 1 36 1 9
 10 69 0 65 0 84 1 11
 11 87 0 86 1 34 1 15
 12 81 1 68 1 103 0 8
 17 2504105
 587 233 220
 12
 1 75 0 35 0 50 1 8
 2 69 1 47 1 77 1 7
 3 82 0 22 1 29 0 9
 4 80 0 80 1 118 1 7
 5 66 1 65 1 80 1 8
 6 78 0 65 1 115 1 11
 7 95 1 78 0 35 1 12
 8 109 1 85 0 26 0 11
 9 100 1 43 1 59 1 6
 10 56 0 42 1 74 0 10
 11 50 1 30 0 61 0 2
 12 99 1 25 0 41 1 31
 18 2504205
 587 233 220
 12
 1 103 0 32 1 55 1 5
 2 93 0 70 0 97 1 8
 3 90 1 90 1 44 1 6
 4 61 1 63 1 88 0 7
 5 53 0 41 1 80 0 7
 6 101 0 94 1 27 0 5
 7 87 1 78 1 101 0 4
 8 76 0 34 1 41 0 11
 9 86 1 59 1 121 0 4
 10 79 0 78 1 118 1 10
 11 65 0 32 0 50 1 4
 12 68 0 29 0 39 1 40
 19 2504305
 587 233 220
 12
 1 59 0 27 0 45 1 11
 2 41 0 40 1 71 0 12
 3 69 1 63 1 102 0 6
 4 42 1 41 0 63 0 8
 5 80 1 43 1 87 1 10
 6 53 0 35 1 66 1 8
 7 57 1 21 1 34 0 11
 8 58 0 54 1 65 1 9
 9 75 1 75 0 76 1 17
 10 79 1 46 1 95 0 11
 11 94 0 71 0 22 1 17
 12 103 1 43 0 55 1 18
 20 2504405
 587 233 220
 12
 1 79 0 69 1 96 0 9
 2 68 1 70 1 81 0 16
 3 105 0 51 1 24 0 15
 4 97 1 19 0 33 1 8
 5 89 0 34 0 58 1 11
 6 75 1 35 0 48 0 12
 7 107 1 21 0 40 0 12
 8 72 1 44 1 85 0 10
 9 45 0 33 0 57 1 10
 10 100 1 47 1 83 1 7
 11 91 0 41 1 70 0 11
 12 55 0 38 0 78 1 19
 21 2504505
 587 233 220
 12
 1 94 1 73 0 113 0 5
 2 98 0 66 1 31 1 8
 3 123 1 35 0 43 0 12
 4 79 1 62 0 91 0 13
 5 111 1 89 0 32 0 8
 6 96 1 38 0 62 1 12
 7 76 1 49 1 25 1 13
 8 102 0 85 1 26 0 10
 9 96 1 45 1 45 1 10
 10 103 0 31 1 53 1 12
 11 40 1 34 1 57 1 8
 12 70 0 64 0 28 1 26
 22 2504605
 587 233 220
 12
 1 77 1 48 1 85 0 11
 2 68 1 45 1 74 0 9
 3 95 1 38 1 69 1 6
 4 57 0 44 0 67 1 3
 5 89 0 68 0 101 1 11
 6 75 1 59 0 78 0 16
 7 62 0 27 1 35 0 11
 8 70 1 32 0 30 0 11
 9 65 1 61 1 32 0 7
 10 78 0 22 1 38 0 11
 11 109 1 52 1 71 0 10
 12 103 1 43 0 73 0 10
 23 2504705
 587 233 220
 12
 1 85 1 79 1 23 0 10
 2 75 1 67 0 112 1 14
 3 79 1 25 0 48 1 12
 4 38 1 23 0 38 0 13
 5 97 0 98 1 47 1 5
 6 94 0 26 1 43 0 7
 7 90 1 66 0 27 1 14
 8 53 1 51 1 54 1 13
 9 89 0 84 0 114 1 4
 10 46 1 42 1 55 0 16
 11 80 0 68 1 27 1 15
 12 84 1 42 1 59 0 22
 24 2504805
 587 233 220
 12
 1 115 1 83 1 29 0 8
 2 63 0 64 0 95 1 8
 3 58 0 44 1 58 1 8
 4 101 1 62 1 99 1 8
 5 99 1 90 1 22 1 7
 6 107 0 33 0 49 1 7
 7 78 1 31 0 57 0 5
 8 68 0 43 1 70 1 13
 9 79 0 83 1 37 1 7
 10 100 1 53 1 27 1 11
 11 92 1 41 0 53 0 13
 12 79 1 71 0 104 1 11
 25 2504905
 587 233 220
 12
 1 74 1 35 0 57 1 15
 2 110 0 49 0 63 1 12
 3 64 1 41 0 67 1 16
 4 71 0 46 1 81 0 5
 5 76 0 59 0 27 1 14
 6 72 0 48 1 80 0 8
 7 109 1 87 0 32 1 14
 8 92 1 89 0 26 0 9
 9 54 1 47 1 64 0 14
 10 62 1 60 0 65 0 10
 11 119 0 36 1 57 0 9
 12 98 0 34 1 34 1 23
 26 2505005
 587 233 220
 12
 1 82 0 43 1 74 1 15
 2 61 1 56 1 72 1 16
 3 102 0 85 0 26 1 13
 4 61 1 24 0 43 1 11
 5 68 1 29 0 37 0 17
 6 51 1 37 0 60 1 15
 7 99 0 70 0 34 1 3
 8 115 0 73 0 30 1 13
 9 65 1 54 1 102 0 8
 10 72 1 33 1 34 1 15
 11 73 1 52 0 86 1 17
 12 48 1 40 1 51 1 21
 27 2505105
 587 233 220
 12
 1 121 0 49 0 65 1 8
 2 100 0 58 1 25 0 13
 3 79 1 49 1 96 0 11
 4 99 0 42 0 66 1 9
 5 78 1 32 1 60 0 7
 6 76 1 60 1 110 1 11
 7 35 0 30 0 38 1 8
 8 46 0 40 1 58 1 14
 9 66 1 22 0 41 1 5
 10 78 0 63 0 88 1 10
 11 77 0 30 1 62 1 6
 12 65 1 57 0 72 0 17
 28 2505205
 587 233 220
 12
 1 61 0 54 0 63 1 17
 2 54 1 52 0 52 1 11
 3 70 1 64 1 101 0 10
 4 96 1 45 1 75 0 7
 5 52 0 36 1 51 1 18
 6 96 0 84 0 22 1 17
 7 91 1 37 1 37 1 12
 8 63 0 42 1 67 0 18
 9 31 1 25 0 37 1 18
 10 84 0 35 0 60 1 12
 11 97 1 35 1 46 0 14
 12 108 0 69 0 23 1 22
 29 2505305
 587 233 220
 12
 1 60 1 57 1 90 1 10
 2 78 1 54 0 90 0 5
 3 113 1 27 1 50 1 10
 4 79 0 25 1 48 1 11
 5 38 0 28 1 41 0 8
 6 47 1 33 1 60 1 12
 7 49 1 39 0 53 0 11
 8 84 0 82 1 24 1 9
 9 87 1 56 1 90 0 10
 10 94 1 71 0 123 1 11
 11 95 1 36 1 66 0 8
 12 79 0 39 0 44 1 24
 30 2505405
 587 233 220
 12
 1 63 0 33 1 53 0 8
 2 41 1 29 1 53 1 14
 3 33 1 32 1 50 0 9
 4 67 1 60 1 107 1 17
 5 69 1 31 1 41 1 9
 6 123 1 48 1 70 1 4
 7 112 0 40 1 57 0 12
 8 95 0 72 0 27 1 14
 9 74 0 52 1 73 1 9
 10 87 1 25 1 41 0 10
 11 75 0 57 1 76 1 7
 12 73 1 57 0 93 0 17
 31 2505505
 587 233 220
 12
 1 64 0 47 0 73 1 12
 2 56 1 48 1 87 0 11
 3 89 1 42 0 69 1 13
 4 79 0 41 1 46 1 9
 5 114 0 41 0 46 1 14
 6 94 1 34 1 60 0 15
 7 67 0 43 1 70 0 9
 8 118 1 44 0 56 0 13
 9 105 1 59 0 26 0 17
 10 75 0 34 1 53 1 9
 11 74 0 34 1 44 0 8
 12 105 0 71 0 28 1 18
 32 2505605
 587 233 220
 12
 1 96 1 45 1 75 1 11
 2 82 1 33 1 49 1 16
 3 75 1 32 0 51 0 11
 4 98 1 29 1 54 1 16
 5 106 1 49 0 84 1 8
 6 66 1 60 0 78 1 10
 7 77 1 36 1 46 1 19
 8 47 1 41 1 62 0 20
 9 47 0 40 1 71 1 13
 10 110 1 44 0 44 1 12
 11 108 1 49 0 91 1 6
 12 40 0 27 1 44 0 42
 33 2505705
 587 233 220
 12
 1 37 0 22 0 38 1 8
 2 74 1 31 1 44 1 10
 3 57 0 53 0 60 1 8
 4 78 0 66 1 119 1 13
 5 56 1 51 1 97 1 12
 6 88 1 21 0 35 0 15
 7 83 1 49 1 89 0 9
 8 85 0 71 1 24 0 14
 9 36 0 34 1 56 0 11
 10 74 1 49 0 78 0 10
 11 79 0 36 1 70 0 16
 12 51 1 45 0 70 1 19
 34 2505805
 587 233 220
 12
 1 65 0 26 0 36 1 8
 2 116 1 43 1 56 1 6
 3 70 1 74 1 36 1 10
 4 60 0 52 1 89 1 7
 5 89 1 35 0 56 1 11
 6 100 0 33 0 44 1 8
 7 53 0 49 1 98 1 6
 8 91 0 66 1 27 0 5
 9 87 0 73 1 99 1 16
 10 50 0 47 1 58 1 10
 11 54 0 54 1 23 1 6
 12 66 1 62 1 104 0 16
 35 2505905
 587 233 220
 12
 1 101 1 33 0 34 0 5
 2 82 1 40 0 70 0 14
 3 98 1 87 1 32 0 8
 4 41 0 31 0 55 1 10
 5 73 1 61 0 79 0 11
 6 70 0 46 1 73 1 17
 7 109 0 25 1 51 1 17
 8 105 0 46 0 54 1 9
 9 88 1 29 0 54 0 16
 10 107 0 69 0 19 1 6
 11 124 1 41 0 80 1 11
 12 72 1 41 1 73 1 15
 36 2506005
 587 233 220
 12
 1 39 0 26 0 42 1 14
 2 112 0 36 0 38 1 11
 3 78 0 55 0 91 1 6
 4 101 1 70 1 114 0 11
 5 61 1 46 1 69 0 7
 6 44 1 33 0 59 0 16
 7 70 0 35 1 54 0 13
 8 39 0 37 1 65 1 8
 9 111 0 44 1 71 1 5
 10 75 0 54 1 72 1 7
 11 93 0 53 0 94 1 10
 12 86 0 73 1 33 0 14
 37 2506105
 587 233 220
 12
 1 102 1 46 1 77 1 7
 2 59 0 40 1 59 0 8
 3 73 1 58 1 100 1 10
 4 78 1 50 0 89 1 6
 5 68 1 56 1 25 1 16
 6 74 0 56 1 111 0 10
 7 43 1 38 0 55 0 11
 8 78 0 60 1 22 0 9
 9 61 1 59 0 76 1 12
 10 77 0 25 0 38 1 9
 11 66 0 41 1 70 0 5
 12 107 1 102 1 47 0 14
 38 2506205
 587 233 220
 12
 1 105 1 52 0 96 0 5
 2 102 1 90 1 37 0 10
 3 110 0 33 0 41 1 16
 4 57 0 34 1 58 0 8
 5 63 1 46 0 70 1 6
 6 77 0 78 1 96 1 16
 7 56 0 55 0 86 1 5
 8 82 1 69 0 26 1 7
 9 42 1 38 1 80 0 11
 10 92 0 55 1 98 1 7
 11 58 1 25 1 40 1 17
 12 42 1 33 1 64 1 24
 39 2506305
 587 233 220
 12
 1 58 1 47 1 89 0 15
 2 38 0 34 0 53 1 17
 3 54 0 25 0 36 1 14
 4 72 0 33 1 41 0 23
 5 39 0 40 0 76 1 10
 6 42 1 28 1 50 0 19
 7 57 1 56 0 63 0 11
 8 94 0 44 1 53 0 16
 9 97 0 30 1 34 0 15
 10 99 1 63 0 28 1 15
 11 107 1 40 0 78 1 13
 12 72 0 46 1 84 1 21
 40 2506405
 587 233 220
 12
 1 74 0 61 1 81 1 8
 2 91 0 33 0 63 1 8
 3 78 0 43 0 81 1 5
 4 91 0 56 1 98 0 4
 5 78 0 79 0 31 1 11
 6 110 0 44 0 65 1 13
 7 71 1 61 0 104 1 10
 8 124 0 39 0 60 1 7
 9 61 1 47 1 89 0 12
 10 63 0 28 1 33 0 11
 11 73 1 62 1 95 0 7
 12 108 1 35 1 59 1 12
 41 2506505
 587 233 220
 12
 1 80 1 67 0 106 0 6
 2 91 0 30 0 47 1 14
 3 55 0 35 1 69 1 11
 4 77 1 33 1 69 0 6
 5 117 1 56 0 80 0 8
 6 87 1 60 1 29 0 15
 7 69 0 63 1 82 0 12
 8 83 0 49 1 23 0 10
 9 79 0 64 1 110 1 8
 10 87 1 33 0 36 0 12
 11 46 0 38 1 73 0 13
 12 53 1 44 1 68 0 21
 42 2506605
 587 233 220
 12
 1 74 1 49 1 73 0 16
 2 83 0 28 1 42 0 7
 3 57 0 48 0 64 1 8
 4 78 0 38 0 56 1 4
 5 105 1 84 1 30 1 6
 6 61 1 52 1 78 0 8
 7 85 1 38 0 63 0 12
 8 65 0 67 0 104 1 15
 9 81 1 65 1 79 0 7
 10 55 1 45 1 63 1 12
 11 111 0 30 1 57 1 6
 12 74 1 71 0 76 1 10
 43 2506705
 587 233 220
 12
 1 76 1 75 0 85 1 9
 2 69 0 27 0 36 1 5
 3 77 1 75 1 33 0 3
 4 102 0 40 1 56 0 7
 5 88 0 65 1 91 0 9
 6 88 1 79 0 31 0 10
 7 94 1 70 1 96 0 4
 8 88 0 41 0 53 1 15
 9 41 0 37 1 54 1 9
 10 116 0 38 1 55 1 11
 11 76 0 48 1 89 0 6
 12 102 0 96 1 23 1 25
 44 2506805
 587 233 220
 12
 1 118 0 68 0 25 1 15
 2 88 0 78 1 26 1 15
 3 90 0 83 1 35 1 9
 4 94 1 35 1 75 1 16
 5 95 1 41 0 82 0 13
 6 93 0 27 1 38 1 7
 7 72 0 30 1 52 0 10
 8 108 0 39 0 58 1 12
 9 100 1 38 0 52 1 12
 10 67 1 60 0 82 0 10
 11 66 0 58 0 100 1 5
 12 39 0 25 0 43 1 39
 45 2506905
 587 233 220
 12
 1 60 0 33 1 53 1 12
 2 124 1 24 1 41 0 9
 3 73 0 56 0 100 1 16
 4 74 1 40 0 74 0 23
 5 97 1 73 0 19 1 18
 6 63 1 41 1 66 1 8
 7 105 0 39 0 71 1 9
 8 76 1 22 1 37 0 14
 9 71 1 63 0 26 1 10
 10 52 0 39 0 67 1 17
 11 76 0 32 1 42 0 16
 12 75 1 39 0 57 1 22
 46 2507005
 587 233 220
 12
 1 90 0 37 1 60 1 7
 2 74 1 68 0 21 1 5
 3 105 1 53 1 76 1 11
 4 58 0 55 1 102 1 9
 5 64 1 57 1 100 0 8
 6 56 0 27 0 38 1 10
 7 74 1 50 1 72 0 7
 8 68 1 58 0 99 0 4
 9 120 1 89 1 23 0 8
 10 74 1 73 1 111 1 9
 11 92 1 33 0 63 1 7
 12 105 1 47 1 76 0 13
 47 2507105
 587 233 220
 12
 1 120 0 42 1 56 0 10
 2 112 1 100 1 21 1 9
 3 124 0 36 0 40 1 12
 4 76 1 40 0 37 0 16
 5 96 0 33 1 59 0 9
 6 96 1 52 1 71 0 13
 7 75 1 37 0 59 1 13
 8 51 0 42 1 73 1 6
 9 78 1 40 1 77 0 14
 10 75 0 46 0 83 1 10
 11 66 1 50 0 78 0 12
 12 63 0 28 0 48 1 29
 48 2507205
 587 233 220
 12
 1 47 0 46 1 62 0 4
 2 63 1 48 0 76 1 6
 3 100 0 38 0 59 1 8
 4 96 0 47 1 80 1 10
 5 71 0 28 1 44 0 10
 6 75 0 76 1 88 0 8
 7 78 1 69 0 95 0 8
 8 100 0 35 0 58 1 10
 9 57 1 48 0 62 1 8
 10 97 0 43 0 74 1 16
 11 102 1 39 1 68 0 8
 12 75 0 45 1 73 1 13
 49 2507305
 587 233 220
 12
 1 93 1 46 1 52 0 10
 2 81 1 71 1 108 0 5
 3 77 1 46 1 76 0 15
 4 73 1 60 1 114 1 4
 5 39 1 29 1 47 1 7
 6 37 0 26 1 46 0 8
 7 77 1 56 0 76 0 10
 8 112 1 82 1 19 0 3
 9 101 1 50 1 75 1 8
 10 99 0 98 0 47 1 8
 11 108 1 21 0 43 0 14
 12 80 1 59 1 112 1 11
 50 2507405
 587 233 220
 12
 1 42 1 33 1 57 1 12
 2 74 1 58 1 103 1 12
 3 60 1 41 0 61 0 17
 4 77 0 38 1 54 0 20
 5 114 0 25 0 36 1 13
 6 104 1 41 1 63 0 9
 7 104 0 89 1 21 0 7
 8 102 1 44 0 67 0 12
 9 66 0 27 0 35 1 17
 10 69 1 21 1 32 0 19
 11 81 1 40 0 65 1 14
 12 92 0 48 1 74 1 13
 51 2507505
 587 233 220
 12
 1 66 0 36 1 68 1 10
 2 70 1 47 1 98 0 13
 3 63 1 45 1 67 1 21
 4 50 1 21 0 39 1 15
 5 105 0 38 1 66 0 17
 6 80 1 59 1 24 0 19
 7 96 1 69 1 21 0 19
 8 52 1 41 0 64 1 15
 9 98 1 30 0 41 0 17
 10 40 1 35 0 51 1 14
 11 57 1 53 0 78 0 14
 12 74 1 31 0 33 1 26
 52 2507605
 587 233 220
 12
 1 98 0 73 1 33 1 9
 2 75 1 47 1 72 0 14
 3 77 1 19 1 26 1 11
 4 97 0 64 1 116 0 9
 5 96 1 38 0 38 0 12
 6 51 1 49 0 70 1 11
 7 29 0 23 1 37 1 6
 8 89 0 37 1 60 0 13
 9 85 0 60 0 81 1 8
 10 96 0 50 1 25 1 15
 11 114 0 67 0 25 1 10
 12 103 0 43 1 48 0 19
 53 2507705
 587 233 220
 12
 1 80 1 27 0 38 0 10
 2 91 0 71 1 24 1 18
 3 87 0 83 0 43 1 6
 4 86 1 43 1 74 1 10
 5 96 1 43 1 81 0 9
 6 90 1 74 0 112 1 8
 7 89 1 24 1 37 1 10
 8 84 0 76 1 104 1 4
 9 70 1 53 1 76 1 9
 10 57 0 57 1 59 1 12
 11 93 0 27 1 46 1 7
 12 53 0 48 1 64 0 23
 54 2507805
 587 233 220
 12
 1 96 0 70 1 22 0 20
 2 55 1 42 0 68 1 16
 3 63 0 61 1 97 1 17
 4 56 1 54 0 22 1 13
 5 54 0 45 1 79 1 16
 6 88 0 26 1 34 0 17
 7 53 0 26 1 44 1 17
 8 97 0 33 0 67 1 13
 9 103 1 29 1 57 1 13
 10 123 0 62 1 28 0 11
 11 59 1 41 1 63 1 15
 12 78 1 65 1 20 0 23
 55 2507905
 587 233 220
 12
 1 95 1 94 0 28 1 15
 2 80 0 65 1 83 1 12
 3 111 0 49 0 22 1 8
 4 119 0 38 1 66 0 14
 5 70 1 31 0 51 1 9
 6 60 1 42 0 58 1 11
 7 104 0 30 1 55 1 9
 8 47 1 38 1 52 0 8
 9 48 0 43 1 70 1 16
 10 68 1 62 0 86 0 10
 11 82 1 37 0 60 0 7
 12 112 0 80 1 38 1 11
 56 2508005
 587 233 220
 12
 1 92 1 34 1 39 0 26
 2 67 1 27 1 31 1 19
 3 33 1 31 0 40 0 13
 4 93 1 86 1 46 1 11
 5 66 0 55 0 68 1 11
 6 53 1 22 0 31 0 22
 7 71 1 65 0 32 0 19
 8 75 1 33 1 59 1 14
 9 65 1 30 1 33 0 18
 10 83 1 34 1 58 0 16
 11 99 0 73 0 27 1 22
 12 52 0 47 1 93 1 21
 57 2508105
 587 233 220
 12
 1 89 1 40 1 76 1 4
 2 64 1 56 0 73 1 8
 3 95 0 42 0 61 1 8
 4 74 1 59 0 25 0 13
 5 56 1 45 0 59 1 8
 6 92 1 47 1 69 0 7
 7 76 0 32 1 38 0 7
 8 78 0 73 1 95 0 7
 9 86 1 79 1 90 1 7
 10 84 0 65 0 119 1 5
 11 73 1 30 1 46 1 12
 12 78 1 73 0 100 1 12
 58 2508205
 587 233 220
 12
 1 109 0 48 1 83 0 16
 2 83 0 63 0 120 1 5
 3 74 1 52 1 23 0 11
 4 59 0 35 1 66 1 7
 5 61 1 45 1 21 1 9
 6 70 0 65 1 82 1 11
 7 87 1 83 1 36 1 5
 8 93 1 62 0 119 1 8
 9 82 1 35 1 54 1 9
 10 100 0 83 0 39 1 5
 11 44 1 47 0 63 0 8
 12 111 0 26 1 37 0 24
 59 2508305
 587 233 220
 12
 1 53 1 47 0 78 0 12
 2 68 0 31 0 58 1 14
 3 55 0 46 0 60 1 17
 4 100 1 38 1 45 1 11
 5 58 0 36 1 61 0 7
 6 104 1 31 0 39 0 6
 7 87 0 39 1 52 0 11
 8 45 0 37 0 48 1 13
 9 105 1 49 1 64 0 16
 10 69 1 26 1 48 1 15
 11 84 0 64 0 113 1 14
 12 48 1 43 0 47 0 19
 60 2508405
 587 233 220
 12
 1 70 1 60 1 81 1 9
 2 57 0 60 0 107 1 10
 3 62 1 36 0 72 0 15
 4 98 1 69 0 25 0 12
 5 115 0 35 1 65 0 12
 6 103 1 39 0 54 1 11
 7 106 0 102 1 38 1 9
 8 54 0 32 0 62 1 9
 9 66 0 52 1 71 1 7
 10 104 0 35 1 39 0 10
 11 82 1 81 0 27 0 10
 12 62 0 61 1 82 0 12
 61 2508505
 587 233 220
 12
 1 71 1 64 0 111 0 4
 2 58 1 53 0 87 0 5
 3 98 0 85 0 23 1 7
 4 74 0 38 0 68 1 10
 5 71 0 72 1 103 0 7
 6 70 1 56 0 82 0 6
 7 69 1 33 0 43 1 12
 8 78 1 74 1 80 1 6
 9 40 1 19 0 36 1 12
 10 73 1 42 1 71 1 6
 11 49 1 35 0 55 0 8
 12 78 0 74 0 107 1 18
 62 2508605
 587 233 220
 12
 1 63 1 53 1 74 0 12
 2 95 1 35 0 52 0 9
 3 97 0 43 0 77 1 7
 4 97 0 47 1 58 0 10
 5 73 1 48 1 94 1 9
 6 43 0 43 1 71 0 11
 7 41 1 38 1 41 0 7
 8 93 1 66 1 101 1 10
 9 93 1 26 1 37 0 10
 10 47 1 42 1 53 0 14
 11 120 1 49 1 70 0 8
 12 78 1 31 0 49 0 33
 63 2508705
 587 233 220
 12
 1 77 1 59 0 85 0 7
 2 49 0 53 1 59 1 10
 3 67 0 58 0 107 1 6
 4 68 0 27 0 36 1 11
 5 90 1 79 0 25 0 5
 6 87 1 68 0 107 1 7
 7 94 1 43 1 52 0 11
 8 37 1 32 0 48 1 9
 9 55 1 55 1 86 1 8
 10 75 1 61 0 102 0 5
 11 89 1 63 1 90 0 9
 12 95 0 46 0 82 1 15
 64 2508805
 587 233 220
 12
 1 113 0 55 1 19 0 8
 2 84 1 48 1 92 1 12
 3 120 0 25 0 45 1 9
 4 92 1 41 0 68 0 4
 5 80 1 64 0 78 1 9
 6 97 1 82 0 30 0 15
 7 53 1 45 1 63 0 8
 8 53 1 32 1 55 0 6
 9 72 0 65 0 109 1 15
 10 65 0 48 1 70 0 9
 11 64 0 22 1 29 0 8
 12 106 0 60 0 30 1 18
 65 2508905
 587 233 220
 12
 1 54 0 25 0 50 1 7
 2 41 0 37 0 48 1 14
 3 35 0 25 1 48 1 8
 4 100 0 48 0 72 1 16
 5 80 1 40 1 70 1 16
 6 50 1 37 0 51 0 16
 7 108 0 51 0 68 1 18
 8 72 1 69 1 76 1 14
 9 81 0 59 1 23 1 12
 10 75 0 21 0 36 1 13
 11 40 1 37 0 50 0 13
 12 50 0 38 1 76 1 17
 66 2509005
 587 233 220
 12
 1 87 1 31 1 47 0 13
 2 60 1 48 1 86 1 9
 3 68 1 44 0 88 1 9
 4 77 1 32 0 57 1 6
 5 75 1 61 0 84 1 12
 6 113 1 55 0 76 1 2
 7 72 1 52 1 77 0 8
 8 88 0 65 0 96 1 10
 9 40 0 39 1 46 0 8
 10 84 0 53 1 96 1 6
 11 68 0 56 1 102 0 6
 12 82 0 33 0 53 1 29
 67 2509105
 587 233 220
 12
 1 125 1 40 0 43 0 11
 2 89 0 35 0 44 1 11
 3 64 0 57 1 27 1 8
 4 47 0 36 0 70 1 11
 5 54 1 54 0 92 0 7
 6 87 1 40 0 71 1 13
 7 91 0 35 0 56 1 11
 8 117 1 36 0 49 1 9
 9 94 1 37 0 55 0 11
 10 93 1 59 0 26 0 15
 11 74 1 70 0 86 1 11
 12 116 1 51 1 62 0 16
 68 2509205
 587 233 220
 12
 1 46 1 37 1 63 0 5
 2 40 0 40 1 78 0 9
 3 50 1 50 0 66 0 7
 4 108 1 51 1 94 0 7
 5 90 1 31 0 44 0 9
 6 67 0 61 0 80 1 8
 7 90 0 56 1 97 0 5
 8 43 0 32 1 50 1 8
 9 71 1 58 1 98 1 10
 10 115 1 58 1 100 0 11
 11 32 0 24 1 46 1 5
 12 70 1 51 0 77 1 19
 69 2509305
 587 233 220
 12
 1 88 0 31 1 48 1 15
 2 123 0 40 0 67 1 17
 3 79 1 68 0 34 1 8
 4 84 1 74 0 32 0 14
 5 97 0 72 1 33 1 12
 6 94 1 28 0 32 0 12
 7 53 0 29 0 55 1 15
 8 74 1 61 0 77 0 7
 9 115 0 87 0 27 1 14
 10 86 1 28 1 31 1 12
 11 117 1 42 1 51 1 12
 12 84 1 81 1 22 0 20
 70 2509405
 587 233 220
 12
 1 59 1 29 0 31 1 6
 2 89 0 40 1 65 1 8
 3 91 1 87 0 29 1 6
 4 54 0 54 0 72 1 9
 5 115 0 96 1 47 0 12
 6 92 1 36 1 50 1 15
 7 113 0 38 0 60 1 8
 8 81 1 60 0 86 0 10
 9 72 1 42 0 85 0 6
 10 54 1 38 0 58 1 9
 11 74 1 60 0 85 0 7
 12 111 1 99 0 39 0 10
 71 2509505
 587 233 220
 12
 1 62 1 59 0 101 0 19
 2 109 1 38 0 41 1 15
 3 71 0 49 1 92 1 8
 4 115 0 37 1 52 1 8
 5 102 0 23 0 26 1 9
 6 67 1 52 1 74 1 10
 7 60 1 50 0 76 0 11
 8 107 1 34 0 47 1 12
 9 56 1 44 1 61 1 13
 10 116 1 35 1 43 0 8
 11 73 1 59 0 92 1 6
 12 51 1 35 1 57 1 27
 72 2509605
 587 233 220
 12
 1 93 0 67 1 98 0 11
 2 62 0 37 1 70 1 4
 3 71 0 58 1 103 0 10
 4 91 0 89 1 34 1 8
 5 92 1 31 0 62 0 9
 6 37 0 39 0 66 1 12
 7 57 1 36 1 61 1 15
 8 30 0 32 1 51 0 14
 9 95 1 45 1 72 0 10
 10 63 0 55 1 79 1 13
 11 32 1 30 1 35 1 13
 12 76 0 43 1 80 0 14
 73 2509705
 587 233 220
 12
 1 87 1 37 1 72 0 8
 2 99 0 95 1 34 0 15
 3 114 0 30 0 40 1 12
 4 71 0 60 0 77 1 7
 5 90 0 33 1 37 1 8
 6 79 1 63 1 104 1 9
 7 65 0 64 0 86 1 15
 8 69 1 51 0 79 0 6
 9 64 0 31 1 31 1 12
 10 44 0 37 1 61 0 12
 11 94 1 44 0 52 1 9
 12 110 0 55 1 28 1 18
 74 2509805
 587 233 220
 12
 1 80 1 68 1 86 1 7
 2 47 0 33 1 53 0 6
 3 95 1 36 1 51 0 11
 4 124 0 55 1 56 0 8
 5 79 1 75 0 37 0 7
 6 92 1 71 1 25 0 9
 7 67 0 53 1 74 1 5
 8 72 0 62 1 88 0 10
 9 119 0 89 0 48 1 6
 10 71 0 70 1 102 1 8
 11 68 0 62 1 69 0 12
 12 54 0 41 1 71 0 15
 75 2509905
 587 233 220
 12
 1 100 0 79 1 24 0 9
 2 92 1 72 0 30 0 11
 3 71 0 49 0 83 1 10
 4 91 1 35 1 35 1 14
 5 49 1 42 0 67 1 11
 6 46 1 34 0 50 0 6
 7 87 1 68 0 105 0 9
 8 95 1 32 1 46 1 5
 9 76 1 61 0 88 0 9
 10 73 0 40 0 76 1 11
 11 90 0 44 1 77 0 3
 12 78 1 61 0 82 1 16
 76 2510005
 587 233 220
 12
 1 75 1 29 1 44 0 12
 2 96 0 29 1 47 1 6
 3 60 1 32 1 62 0 4
 4 75 1 59 1 92 1 13
 5 57 1 26 0 42 1 12
 6 111 1 52 0 72 1 5
 7 70 1 69 0 96 0 11
 8 113 0 32 1 50 0 11
 9 66 0 51 1 80 0 9
 10 89 1 40 1 77 1 8
 11 102 1 33 0 36 0 8
 12 94 0 76 1 117 0 8
 77 2510105
 587 233 220
 12
 1 74 1 75 0 36 1 15
 2 86 1 26 1 49 0 12
 3 56 1 43 1 69 1 9
 4 74 0 32 1 55 0 25
 5 51 0 47 0 62 1 13
 6 83 1 34 0 62 1 15
 7 71 0 25 0 35 1 18
 8 67 0 38 1 75 1 14
 9 103 1 34 1 55 1 16
 10 96 0 95 1 45 1 15
 11 55 1 47 0 80 1 10
 12 34 1 26 0 55 1 28
 78 2510205
 587 233 220
 12
 1 104 1 42 0 70 0 11
 2 76 0 24 0 36 1 19
 3 81 1 72 0 26 1 13
 4 96 1 38 0 53 0 14
 5 42 1 39 1 48 1 10
 6 62 1 50 0 79 1 8
 7 87 1 71 0 36 1 15
 8 59 1 59 1 84 0 17
 9 51 1 40 1 70 1 13
 10 75 1 66 0 25 0 12
 11 62 0 50 1 77 1 12
 12 82 0 40 1 50 1 21
 79 2510305
 587 233 220
 12
 1 48 0 46 1 66 0 13
 2 83 1 22 1 26 1 21
 3 89 0 86 0 34 1 18
 4 77 0 34 1 69 0 16
 5 82 1 32 0 56 1 14
 6 115 1 91 0 22 0 11
 7 53 1 45 1 77 0 19
 8 80 0 29 1 42 1 10
 9 65 0 25 1 32 1 16
 10 32 0 34 1 53 1 13
 11 119 1 93 1 20 0 19
 12 110 1 50 1 62 0 14
 80 2510405
 587 233 220
 12
 1 60 1 57 1 81 0 9
 2 123 1 50 1 19 1 11
 3 68 0 55 0 102 1 11
 4 95 1 39 0 57 1 8
 5 109 1 54 1 56 1 18
 6 84 0 35 1 48 1 15
 7 109 1 56 0 76 0 11
 8 105 1 30 0 50 1 15
 9 88 0 92 1 21 1 4
 10 91 0 21 1 40 1 8
 11 93 1 35 0 38 1 11
 12 64 0 53 1 19 1 35
 81 2510505
 587 233 220
 12
 1 109 1 58 0 60 1 5
 2 82 0 73 1 83 0 8
 3 116 1 50 1 74 0 3
 4 104 0 39 0 69 1 11
 5 100 1 32 1 57 0 6
 6 63 1 49 1 74 1 9
 7 69 1 61 1 84 0 7
 8 74 1 66 1 125 1 10
 9 74 1 36 1 55 0 6
 10 54 0 48 0 60 1 5
 11 58 1 51 0 62 0 9
 12 79 0 71 1 35 0 24
 82 2510605
 587 233 220
 12
 1 53 1 49 1 65 1 10
 2 119 1 80 1 28 0 8
 3 117 1 31 0 35 0 10
 4 75 1 55 0 19 0 11
 5 72 0 62 1 93 1 10
 6 63 1 33 0 35 1 13
 7 74 1 21 0 36 0 8
 8 58 1 47 0 89 0 11
 9 105 0 56 0 64 1 13
 10 111 0 56 1 25 0 16
 11 72 0 34 1 66 0 6
 12 112 1 52 1 85 0 15
 83 2510705
 587 233 220
 12
 1 71 1 48 1 85 1 13
 2 61 0 53 1 75 0 11
 3 92 0 41 1 57 1 8
 4 42 1 36 1 61 0 11
 5 70 1 47 0 88 0 10
 6 79 1 58 1 97 0 11
 7 89 1 80 1 24 1 10
 8 70 0 29 0 43 1 11
 9 67 0 50 0 72 1 4
 10 62 0 56 1 81 0 9
 11 102 1 94 1 25 0 12
 12 66 0 51 1 97 0 12
 84 2510805
 587 233 220
 12
 1 111 1 43 0 81 0 7
 2 80 1 74 1 109 1 13
 3 77 1 48 0 79 1 13
 4 106 0 87 0 41 1 13
 5 74 1 74 0 23 0 13
 6 90 1 67 0 20 1 11
 7 85 1 57 1 24 0 15
 8 93 1 28 0 45 1 8
 9 35 0 23 1 36 1 8
 10 72 0 29 1 49 1 10
 11 39 0 37 1 75 0 12
 12 82 0 23 1 31 0 35
 85 2510905
 587 233 220
 12
 1 55 0 22 1 39 1 16
 2 74 1 30 0 55 0 7
 3 59 1 38 1 61 1 8
 4 79 0 70 0 22 1 9
 5 65 0 62 1 73 0 11
 6 40 1 34 0 45 1 8
 7 104 0 101 1 28 1 10
 8 71 0 64 1 112 0 11
 9 94 1 93 1 38 0 6
 10 82 1 62 0 110 1 13
 11 57 0 46 1 60 1 3
 12 117 1 39 1 43 0 21
 86 2511005
 587 233 220
 12
 1 84 1 28 1 34 0 9
 2 73 0 57 1 97 1 16
 3 58 1 39 0 69 0 9
 4 52 0 45 1 66 1 12
 5 77 0 36 1 59 0 8
 6 99 1 48 0 70 0 8
 7 75 1 28 1 31 0 9
 8 86 0 40 1 59 1 6
 9 58 1 54 1 87 1 13
 10 85 0 79 0 34 1 10
 11 74 0 76 1 105 1 8
 12 58 1 55 1 57 0 18
 87 2511105
 587 233 220
 12
 1 125 1 28 1 36 0 8
 2 72 0 46 0 82 1 13
 3 80 1 76 1 97 0 11
 4 106 0 34 1 41 0 14
 5 74 1 48 1 78 0 8
 6 75 1 63 0 29 1 10
 7 34 1 31 0 42 0 8
 8 58 0 27 1 43 1 7
 9 75 0 75 1 114 0 8
 10 93 0 41 0 67 1 6
 11 100 0 84 1 27 1 8
 12 77 1 65 1 84 0 9
 88 2511205
 587 233 220
 12
 1 95 1 39 0 60 1 9
 2 89 0 35 1 70 0 13
 3 95 1 78 1 38 0 14
 4 86 1 83 0 24 1 13
 5 80 1 37 1 51 1 15
 6 52 0 48 1 75 1 19
 7 91 1 33 0 47 0 11
 8 82 0 27 1 43 0 12
 9 77 0 56 1 28 1 17
 10 102 1 27 1 40 0 12
 11 45 1 38 1 55 0 13
 12 114 0 75 0 28 1 24
 89 2511305
 587 233 220
 12
 1 94 1 97 1 45 1 4
 2 57 1 40 1 64 1 10
 3 61 1 58 1 103 0 8
 4 64 0 55 1 74 1 7
 5 115 1 87 0 27 1 4
 6 90 0 82 0 107 1 10
 7 55 1 36 1 60 1 10
 8 76 1 65 0 99 1 7
 9 42 0 40 0 42 1 8
 10 74 0 37 1 68 0 3
 11 114 1 60 0 60 1 10
 12 56 1 43 1 91 1 15
 90 2511405
 587 233 220
 12
 1 87 1 33 0 51 0 7
 2 78 0 66 1 83 1 6
 3 109 1 43 0 80 1 16
 4 113 1 43 0 54 0 8
 5 92 1 64 1 113 1 3
 6 80 1 31 1 40 0 8
 7 107 0 39 0 65 1 8
 8 123 1 55 0 81 1 9
 9 97 1 62 0 30 0 6
 10 40 0 36 1 43 0 11
 11 76 1 78 0 89 0 8
 12 83 0 61 0 25 1 19
 91 2511505
 587 233 220
 12
 1 64 1 55 1 88 1 7
 2 37 1 33 1 64 0 9
 3 34 1 28 1 40 0 9
 4 84 0 25 1 33 1 11
 5 104 0 97 1 41 1 5
 6 54 1 44 1 63 0 15
 7 74 0 39 1 80 1 9
 8 41 0 24 1 49 0 14
 9 73 1 63 0 93 1 14
 10 71 0 49 1 98 0 14
 11 102 1 65 0 34 1 12
 12 118 1 79 0 37 0 16
 92 2511605
 587 233 220
 12
 1 86 1 62 1 95 1 11
 2 66 0 61 0 78 1 5
 3 90 0 43 1 57 1 13
 4 70 0 60 1 95 0 6
 5 93 0 80 1 102 0 9
 6 118 1 64 1 28 0 13
 7 88 1 34 0 41 1 7
 8 69 0 26 1 43 1 10
 9 112 1 77 0 33 1 6
 10 62 1 47 1 63 0 8
 11 43 0 40 1 51 0 12
 12 48 1 34 0 55 1 25
 93 2511705
 587 233 220
 12
 1 76 1 37 1 66 1 8
 2 88 1 58 1 114 1 7
 3 69 0 52 0 20 1 8
 4 115 0 47 0 71 1 7
 5 80 1 59 1 96 1 7
 6 75 1 54 0 90 1 3
 7 91 1 89 0 41 1 4
 8 72 1 62 0 89 0 6
 9 63 1 46 0 84 1 10
 10 78 0 67 1 126 0 6
 11 65 1 62 0 101 0 6
 12 59 1 48 1 88 0 17
 94 2511805
 587 233 220
 12
 1 76 0 72 1 73 1 7
 2 54 1 42 0 66 1 11
 3 50 1 41 0 63 0 14
 4 91 1 29 0 50 0 14
 5 75 1 27 0 35 1 15
 6 74 1 58 1 96 0 13
 7 45 0 29 1 53 1 8
 8 79 1 56 0 103 1 12
 9 51 1 43 1 61 1 6
 10 77 0 51 0 92 1 10
 11 77 0 79 1 19 1 9
 12 72 1 66 0 113 0 7
 95 2511905
 587 233 220
 12
 1 96 1 69 1 20 1 14
 2 113 1 57 0 63 0 13
 3 71 1 34 1 64 0 11
 4 72 1 33 1 58 1 16
 5 72 1 63 1 33 1 22
 6 33 0 29 0 40 1 13
 7 109 0 38 0 46 1 16
 8 102 1 35 1 43 0 12
 9 97 1 78 1 39 1 11
 10 83 1 53 0 23 0 15
 11 103 1 36 1 47 0 15
 12 81 1 59 1 21 1 29
 96 2512005
 587 233 220
 12
 1 66 1 26 0 44 0 12
 2 61 1 50 0 88 0 14
 3 95 1 89 0 22 1 9
 4 95 1 34 1 48 1 10
 5 47 0 35 1 55 1 15
 6 96 1 46 0 59 0 10
 7 51 0 48 1 70 0 11
 8 56 0 26 0 41 1 8
 9 67 1 26 0 34 1 17
 10 117 1 54 0 86 1 11
 11 112 1 41 0 52 0 13
 12 93 1 87 0 37 0 19
 97 2512105
 587 233 220
 12
 1 73 1 34 0 59 0 12
 2 97 1 42 1 48 1 10
 3 94 1 43 0 76 1 10
 4 100 1 67 0 29 0 14
 5 38 1 23 1 43 0 13
 6 69 1 59 0 26 0 12
 7 51 0 35 0 54 1 13
 8 70 0 59 0 75 1 7
 9 120 0 49 1 86 1 12
 10 97 1 84 1 27 1 8
 11 66 0 62 0 84 1 11
 12 113 1 32 1 52 1 20
 98 2512205
 587 233 220
 12
 1 109 0 40 0 55 1 11
 2 50 0 47 1 68 0 19
 3 66 1 59 0 101 1 10
 4 63 1 54 1 68 0 11
 5 43 1 37 0 64 0 13
 6 48 1 41 1 74 0 4
 7 62 1 55 1 92 1 9
 8 76 0 55 0 94 1 9
 9 78 0 69 1 86 0 10
 10 48 1 30 0 58 0 12
 11 78 1 57 0 23 0 7
 12 56 1 42 0 73 1 19
 99 2512305
 587 233 220
 12
 1 45 0 46 0 54 1 18
 2 93 0 49 1 97 1 14
 3 118 0 23 1 41 1 11
 4 36 1 34 0 49 1 8
 5 115 1 39 1 43 1 8
 6 85 1 73 1 101 1 9
 7 53 0 52 0 71 1 14
 8 118 0 97 0 40 1 9
 9 64 0 47 0 22 1 8
 10 105 1 30 0 37 1 8
 11 98 1 33 0 41 0 13
 12 89 1 54 0 26 0 23
 100 2512405
 587 233 220
 12
 1 50 1 49 1 79 0 7
 2 44 0 43 0 47 1 13
 3 94 0 38 1 45 1 9
 4 103 1 90 1 31 1 10
 5 112 1 49 0 79 0 6
 6 79 1 29 1 37 0 10
 7 83 0 56 1 104 1 16
 8 43 1 24 0 46 0 13
 9 105 0 40 0 46 1 10
 10 60 1 48 0 72 1 10
 11 95 1 43 0 58 1 9
 12 121 0 41 1 67 0 16
