100
 1 2502505
 587 233 220
 15
 1 107 0 74 1 30 1 12
 2 108 0 26 1 41 0 12
 3 77 1 53 1 91 0 6
 4 82 1 27 0 34 0 8
 5 100 1 77 1 117 0 4
 6 109 0 46 1 69 1 12
 7 101 0 44 1 69 1 9
 8 96 1 64 1 30 0 10
 9 83 0 82 1 30 0 8
 10 68 0 26 1 32 1 3
 11 33 0 26 0 38 1 9
 12 66 1 62 0 99 0 6
 13 26 1 22 0 32 1 7
 14 91 1 26 1 27 1 10
 15 90 1 44 0 82 1 16
 2 2502605
 587 233 220
 15
 1 51 0 21 1 25 1 12
 2 49 1 43 1 60 0 8
 3 77 0 62 0 106 1 7
 4 67 1 62 1 97 0 6
 5 109 1 27 1 47 1 10
 6 86 0 70 1 85 1 10
 7 36 1 32 0 49 1 9
 8 88 0 80 1 37 0 11
 9 50 1 48 0 72 1 12
 10 92 1 34 1 45 0 8
 11 102 1 44 1 55 1 8
 12 73 0 23 0 36 1 10
 13 48 1 40 0 59 0 14
 14 73 0 63 1 76 1 11
 15 43 1 39 0 75 0 13
 3 2502705
 587 233 220
 15
 1 100 1 83 1 28 0 5
 2 103 1 77 0 41 1 5
 3 110 1 37 1 46 1 14
 4 49 0 41 1 68 1 8
 5 105 1 26 1 29 1 5
 6 105 1 34 1 55 1 6
 7 88 1 39 1 53 0 12
 8 62 0 59 1 109 1 9
 9 60 0 61 0 98 1 8
 10 60 1 41 0 78 0 10
 11 69 0 63 1 72 0 5
 12 82 1 40 0 68 1 13
 13 65 1 59 1 95 0 8
 14 59 1 29 0 46 0 12
 15 77 0 35 1 52 1 22
 4 2502805
 587 233 220
 15
 1 109 0 92 0 34 1 8
 2 38 0 28 0 55 1 11
 3 34 0 29 1 57 0 4
 4 97 0 31 1 38 0 11
 5 96 1 32 0 64 1 8
 6 122 1 40 1 61 1 11
 7 52 1 50 1 53 0 7
 8 77 1 37 1 45 0 5
 9 69 0 45 1 77 0 11
 10 119 0 45 0 51 1 8
 11 81 1 22 0 42 1 12
 12 99 1 55 1 95 1 10
 13 69 0 55 1 80 0 8
 14 100 1 45 0 90 0 9
 15 33 0 30 1 43 1 42
 5 2502905
 587 233 220
 15
 1 92 1 40 1 52 0 6
 2 96 1 37 0 56 0 4
 3 91 0 41 0 81 1 10
 4 78 0 72 1 102 1 8
 5 80 1 37 0 41 1 15
 6 91 1 52 1 23 1 12
 7 113 0 52 1 59 0 15
 8 94 1 29 1 57 0 9
 9 32 0 31 1 35 0 7
 10 82 0 56 1 80 1 4
 11 110 1 25 0 41 1 10
 12 75 1 34 1 38 0 7
 13 93 1 94 1 29 1 12
 14 74 1 32 0 56 1 9
 15 106 0 81 1 27 1 13
 6 2503005
 587 233 220
 15
 1 85 1 43 0 90 0 10
 2 83 0 34 1 44 1 14
 3 52 1 37 1 73 0 11
 4 58 0 53 1 70 0 9
 5 73 0 40 0 82 1 9
 6 61 0 48 1 70 0 11
 7 70 1 56 0 72 0 8
 8 75 1 75 1 35 1 7
 9 88 1 49 1 93 1 8
 10 52 1 48 0 67 1 9
 11 54 1 45 1 77 1 5
 12 68 0 26 0 46 1 5
 13 111 1 43 1 52 0 10
 14 111 1 45 0 78 1 7
 15 82 1 23 1 39 1 30
 7 2503105
 587 233 220
 15
 1 122 1 52 1 76 0 8
 2 88 0 30 1 34 1 8
 3 57 1 51 1 67 1 4
 4 42 1 34 0 42 1 8
 5 54 1 41 1 62 0 7
 6 84 1 69 1 34 1 10
 7 74 0 38 0 56 1 10
 8 58 1 56 0 97 1 5
 9 67 0 50 0 77 1 5
 10 110 1 74 1 22 1 8
 11 66 0 56 1 75 1 8
 12 97 1 44 0 58 0 7
 13 91 0 30 0 60 1 8
 14 85 0 65 1 97 0 6
 15 79 1 67 1 81 0 16
 8 2503205
 587 233 220
 15
 1 61 0 59 0 73 1 5
 2 39 1 32 0 59 1 4
 3 77 0 71 0 37 1 5
 4 102 1 75 1 102 0 10
 5 47 1 31 0 56 1 6
 6 104 1 97 1 34 0 4
 7 88 0 57 0 94 1 6
 8 110 0 45 1 71 1 9
 9 112 1 64 1 22 1 8
 10 80 1 56 0 79 0 7
 11 117 1 83 1 27 1 4
 12 60 0 39 1 65 0 5
 13 50 1 48 0 80 1 6
 14 55 1 48 1 68 0 9
 15 45 1 38 1 77 1 26
 9 2503305
 587 233 220
 15
 1 69 0 66 1 88 0 1
 2 87 0 80 1 29 0 5
 3 91 1 82 0 38 0 9
 4 74 0 57 0 81 1 7
 5 53 1 46 1 67 0 9
 6 58 1 39 1 69 1 7
 7 60 0 57 1 98 0 4
 8 93 0 29 1 44 1 7
 9 51 0 38 1 74 1 12
 10 85 0 26 0 44 1 8
 11 96 1 29 0 46 0 6
 12 78 1 70 0 80 1 10
 13 80 1 35 1 63 1 4
 14 105 1 40 0 42 0 12
 15 74 1 69 0 110 0 15
 10 2503405
 587 233 220
 15
 1 65 0 63 0 32 1 10
 2 124 0 27 1 34 0 5
 3 76 1 61 0 96 1 11
 4 46 1 35 0 64 1 10
 5 46 1 35 1 53 1 7
 6 50 0 41 1 79 0 9
 7 113 0 66 1 28 0 5
 8 72 1 37 1 66 1 12
 9 39 1 35 0 56 0 9
 10 99 1 57 1 101 1 9
 11 62 1 45 0 66 1 6
 12 103 0 93 1 34 0 6
 13 50 0 41 1 73 0 10
 14 88 1 75 1 24 1 15
 15 99 1 38 1 67 0 17
 11 2503505
 587 233 220
 15
 1 64 1 63 0 76 1 6
 2 70 1 62 0 24 0 8
 3 77 1 61 1 109 1 9
 4 105 0 42 1 73 0 9
 5 114 0 57 1 22 0 8
 6 101 1 41 0 69 0 4
 7 65 1 37 1 72 0 10
 8 62 1 54 0 84 1 11
 9 96 1 68 1 26 0 10
 10 67 0 28 1 32 1 7
 11 79 1 37 1 66 0 7
 12 41 1 26 0 46 0 13
 13 83 1 65 0 95 0 7
 14 61 0 43 1 75 0 7
 15 75 1 60 1 78 0 10
 12 2503605
 587 233 220
 15
 1 76 1 56 1 98 0 7
 2 112 0 89 0 23 1 10
 3 111 1 42 1 40 0 8
 4 77 1 59 1 102 1 9
 5 63 1 58 1 108 0 6
 6 80 1 68 1 79 1 11
 7 47 0 35 0 70 1 5
 8 100 1 45 1 75 0 6
 9 85 0 54 0 23 1 9
 10 38 0 38 1 61 0 5
 11 98 1 83 0 30 0 4
 12 64 1 39 1 67 1 6
 13 104 1 22 0 40 0 10
 14 105 0 39 1 57 0 11
 15 52 1 37 1 54 1 25
 13 2503705
 587 233 220
 15
 1 52 0 24 1 35 0 20
 2 60 1 21 0 37 0 18
 3 96 0 37 1 61 0 9
 4 80 1 38 1 50 1 16
 5 99 0 38 1 60 1 12
 6 93 0 30 0 48 1 13
 7 66 1 56 1 95 1 9
 8 91 1 29 0 33 0 13
 9 112 1 41 1 79 1 6
 10 96 0 34 1 43 0 11
 11 73 0 28 1 46 0 10
 12 104 0 47 0 21 1 11
 13 77 1 32 0 37 0 15
 14 68 0 42 1 85 1 19
 15 71 0 35 1 50 0 28
 14 2503805
 587 233 220
 15
 1 66 0 33 1 46 1 7
 2 78 0 62 0 106 1 9
 3 84 0 48 1 20 1 11
 4 80 1 59 0 111 0 7
 5 73 1 66 1 86 1 11
 6 110 0 37 0 54 1 7
 7 66 0 57 1 71 1 7
 8 74 1 33 0 56 0 9
 9 60 0 60 1 72 0 9
 10 62 0 52 1 66 0 10
 11 47 1 49 1 67 0 5
 12 40 0 35 1 62 0 10
 13 44 1 35 1 55 1 12
 14 36 0 31 1 61 0 10
 15 106 0 36 0 47 1 17
 15 2503905
 587 233 220
 15
 1 95 0 37 0 45 1 7
 2 79 1 53 1 95 1 3
 3 56 1 42 0 66 1 7
 4 82 1 41 1 59 1 8
 5 69 1 51 0 77 0 4
 6 82 1 49 1 86 0 6
 7 75 0 75 1 113 0 6
 8 58 0 52 1 71 0 4
 9 48 1 39 1 77 1 7
 10 126 0 38 1 62 1 6
 11 79 1 68 1 106 1 13
 12 67 1 51 1 68 1 3
 13 71 1 59 0 73 0 8
 14 94 0 81 1 32 1 2
 15 74 0 42 1 82 1 13
 16 2504005
 587 233 220
 15
 1 41 1 40 1 42 1 9
 2 101 1 41 0 73 1 10
 3 64 1 48 1 68 0 5
 4 100 0 39 1 56 1 8
 5 74 1 73 0 28 1 4
 6 55 1 40 0 69 1 6
 7 78 1 76 1 79 1 6
 8 94 1 42 0 71 1 10
 9 91 0 29 1 37 0 4
 10 75 1 65 1 86 0 7
 11 85 1 84 0 35 1 8
 12 83 1 67 0 95 0 11
 13 75 0 26 1 31 0 14
 14 66 1 61 1 84 1 5
 15 38 0 33 1 66 0 34
 17 2504105
 587 233 220
 15
 1 69 0 35 1 50 1 10
 2 64 1 49 0 75 0 8
 3 79 1 21 0 32 0 7
 4 77 0 82 1 123 0 5
 5 65 1 59 1 74 0 9
 6 79 0 64 0 116 1 8
 7 96 0 80 1 38 0 6
 8 110 1 87 0 26 0 9
 9 95 1 44 1 59 0 10
 10 54 0 42 1 76 1 8
 11 53 0 33 0 56 1 7
 12 93 1 25 0 40 0 8
 13 90 1 44 0 68 0 6
 14 117 1 50 0 55 0 4
 15 68 0 35 1 45 1 31
 18 2504205
 587 233 220
 15
 1 103 0 31 0 55 1 2
 2 90 1 73 0 91 0 6
 3 89 1 87 1 44 1 5
 4 58 0 61 1 94 0 8
 5 51 0 39 0 83 1 4
 6 99 1 96 1 29 1 4
 7 89 1 80 1 103 0 6
 8 70 1 32 1 42 1 3
 9 86 1 61 1 112 1 4
 10 83 0 80 0 111 1 9
 11 66 1 31 1 51 1 5
 12 72 0 31 1 39 0 7
 13 102 1 60 1 25 1 7
 14 86 0 29 1 37 1 3
 15 112 0 29 1 33 0 36
 19 2504305
 587 233 220
 15
 1 57 1 26 0 45 0 11
 2 45 0 38 1 75 1 8
 3 70 0 61 0 100 1 5
 4 39 0 38 1 59 1 6
 5 77 1 41 1 84 0 6
 6 55 1 35 0 63 1 8
 7 52 1 20 0 33 0 7
 8 60 1 54 0 59 1 4
 9 79 0 73 1 76 0 12
 10 85 1 46 1 89 0 7
 11 98 0 70 1 22 1 14
 12 106 0 44 0 60 1 5
 13 76 1 60 0 117 1 13
 14 80 1 53 0 22 0 9
 15 92 1 66 1 24 0 21
 20 2504405
 587 233 220
 15
 1 81 1 65 1 101 1 5
 2 69 1 70 0 82 0 12
 3 107 0 54 0 24 1 11
 4 103 1 19 0 35 1 9
 5 86 0 35 1 55 1 5
 6 79 0 36 1 50 0 9
 7 113 0 22 1 43 0 9
 8 70 0 42 1 81 1 6
 9 41 0 32 0 56 1 9
 10 97 1 48 0 78 1 11
 11 93 1 40 0 68 0 10
 12 53 1 39 0 77 0 4
 13 97 1 31 0 45 0 9
 14 113 0 50 0 70 1 12
 15 73 1 19 1 29 0 55
 21 2504505
 587 233 220
 15
 1 96 0 74 1 104 1 3
 2 92 1 66 0 32 0 6
 3 114 1 36 0 44 0 7
 4 78 1 63 1 94 0 10
 5 114 1 93 0 33 0 9
 6 102 0 40 1 62 1 8
 7 71 1 50 1 25 0 6
 8 101 1 90 0 26 0 8
 9 98 0 43 0 47 1 12
 10 110 1 31 0 55 1 5
 11 42 1 34 1 58 1 5
 12 75 0 64 1 28 0 11
 13 58 1 46 1 60 1 9
 14 76 1 59 1 24 1 11
 15 69 1 52 0 80 1 18
 22 2504605
 587 233 220
 15
 1 77 1 50 1 93 1 6
 2 64 0 47 0 75 1 7
 3 97 0 40 0 64 1 8
 4 61 0 43 1 63 0 5
 5 90 0 72 1 106 0 4
 6 70 0 59 0 78 1 10
 7 57 1 27 0 35 1 11
 8 73 0 32 1 33 1 10
 9 61 0 63 0 30 1 16
 10 71 1 24 1 38 0 7
 11 102 0 51 1 69 1 8
 12 97 0 46 0 78 1 9
 13 74 1 63 0 92 0 10
 14 48 0 44 1 74 0 6
 15 71 0 28 1 32 1 42
 23 2504705
 587 233 220
 15
 1 87 1 81 1 22 1 7
 2 71 0 63 1 115 1 6
 3 77 1 25 1 50 1 12
 4 36 1 21 0 41 0 8
 5 102 0 100 1 47 1 7
 6 91 0 24 1 44 1 3
 7 92 1 66 1 28 0 6
 8 54 1 51 1 56 1 3
 9 95 0 78 1 117 1 8
 10 48 1 39 0 56 0 11
 11 77 0 68 0 28 1 4
 12 92 0 42 1 63 1 6
 13 85 1 53 0 22 1 9
 14 105 1 28 1 48 1 7
 15 67 0 63 0 104 1 16
 24 2504805
 587 233 220
 15
 1 118 1 77 1 28 1 7
 2 67 0 62 1 99 1 7
 3 60 1 48 0 61 1 5
 4 94 0 61 1 105 1 6
 5 104 0 86 1 23 0 4
 6 111 0 35 1 51 1 2
 7 77 1 32 1 52 1 5
 8 66 0 39 1 73 0 9
 9 79 0 84 1 35 1 5
 10 102 0 57 1 28 0 9
 11 92 0 43 1 54 0 5
 12 80 0 73 1 104 1 6
 13 107 1 91 0 37 1 11
 14 73 1 70 0 97 1 6
 15 79 0 61 0 26 1 24
 25 2504905
 587 233 220
 15
 1 72 1 35 0 57 0 14
 2 110 1 50 1 59 1 8
 3 70 0 41 1 69 1 13
 4 72 1 43 1 79 1 6
 5 77 1 58 1 27 0 5
 6 75 1 47 1 75 0 10
 7 110 1 88 0 34 1 9
 8 91 0 87 1 25 0 6
 9 50 0 49 1 66 0 11
 10 61 1 58 1 66 1 5
 11 118 1 33 0 59 1 13
 12 99 1 35 0 35 1 7
 13 114 0 46 0 54 1 9
 14 63 1 42 1 72 0 8
 15 62 0 60 0 66 1 12
 26 2505005
 587 233 220
 15
 1 89 1 41 1 72 1 13
 2 58 1 56 1 72 0 14
 3 100 1 77 0 28 0 13
 4 62 0 24 1 43 1 9
 5 72 0 31 1 37 1 8
 6 53 0 36 0 61 1 12
 7 95 1 72 1 35 0 11
 8 115 1 69 0 28 1 10
 9 69 0 54 1 102 0 5
 10 75 0 31 0 33 1 13
 11 77 0 55 1 85 1 7
 12 48 0 44 1 52 1 8
 13 81 0 39 1 73 1 11
 14 102 1 42 1 50 0 10
 15 57 0 24 0 44 1 35
 27 2505105
 587 233 220
 15
 1 114 1 46 0 68 1 10
 2 104 1 54 1 26 1 8
 3 84 1 46 1 88 1 9
 4 105 1 41 1 66 0 12
 5 78 1 35 0 59 0 3
 6 81 1 59 0 113 1 4
 7 37 1 29 1 36 1 9
 8 47 0 42 1 55 0 9
 9 70 1 23 0 41 1 7
 10 78 0 63 1 95 1 10
 11 77 1 31 1 62 1 5
 12 67 0 59 0 75 1 7
 13 57 1 26 1 46 0 8
 14 90 0 34 1 65 0 8
 15 119 0 52 1 66 1 11
 28 2505205
 587 233 220
 15
 1 61 0 54 1 60 1 13
 2 50 1 51 0 55 1 5
 3 68 1 68 0 103 0 7
 4 94 1 48 0 80 1 5
 5 49 1 38 0 53 1 5
 6 98 0 89 1 24 1 10
 7 92 0 38 0 38 1 10
 8 63 0 41 1 65 1 4
 9 32 1 26 1 39 0 8
 10 85 1 35 1 59 0 19
 11 89 1 35 0 49 1 10
 12 102 0 71 1 21 1 11
 13 71 1 41 0 82 0 12
 14 65 1 20 1 35 1 9
 15 98 1 98 0 44 1 16
 29 2505305
 587 233 220
 15
 1 58 1 57 1 96 0 9
 2 75 1 51 1 92 0 9
 3 117 0 27 0 46 1 10
 4 81 1 25 0 49 1 7
 5 38 1 28 1 42 1 12
 6 46 1 31 1 56 1 5
 7 48 1 39 0 53 1 13
 8 84 0 81 1 24 1 9
 9 87 1 56 0 85 0 6
 10 93 0 69 1 114 1 7
 11 98 1 36 0 63 0 8
 12 77 1 38 0 40 1 12
 13 86 1 41 0 57 0 12
 14 88 0 39 0 67 1 10
 15 63 1 43 0 73 0 13
 30 2505405
 587 233 220
 15
 1 67 0 33 1 51 1 8
 2 41 1 28 0 53 0 12
 3 33 0 30 1 49 0 6
 4 65 1 59 0 111 0 10
 5 66 1 31 1 45 1 14
 6 124 1 48 1 74 0 5
 7 114 1 41 0 57 1 5
 8 100 0 73 0 29 1 8
 9 73 1 52 0 75 0 7
 10 89 1 26 0 40 1 11
 11 68 0 55 1 83 0 8
 12 70 1 53 0 93 0 10
 13 77 1 77 1 99 1 5
 14 59 1 52 1 92 1 5
 15 97 0 38 1 54 0 20
 31 2505505
 587 233 220
 15
 1 63 1 49 0 73 0 8
 2 57 1 49 1 86 1 11
 3 91 0 44 0 67 1 11
 4 81 0 38 0 47 1 6
 5 119 0 40 1 48 1 8
 6 91 1 34 1 60 0 13
 7 65 0 42 0 71 1 12
 8 114 1 48 1 53 1 11
 9 101 0 61 0 25 1 7
 10 72 1 36 0 54 1 11
 11 74 1 36 1 45 0 12
 12 106 0 71 1 27 1 13
 13 110 1 31 0 36 1 9
 14 112 0 41 1 63 1 7
 15 34 0 32 1 57 0 36
 32 2505605
 587 233 220
 15
 1 100 1 46 1 75 1 6
 2 79 1 33 1 48 1 8
 3 71 0 30 0 52 1 12
 4 95 1 27 1 51 0 10
 5 105 0 52 1 83 1 11
 6 63 0 56 1 76 1 7
 7 73 0 35 1 43 0 7
 8 50 1 41 0 66 0 11
 9 51 1 42 1 73 1 8
 10 110 1 43 1 46 1 16
 11 104 1 49 0 98 1 11
 12 42 0 26 1 41 0 7
 13 45 1 40 1 73 1 7
 14 81 1 25 0 38 0 5
 15 107 0 99 1 28 0 11
 33 2505705
 587 233 220
 15
 1 38 1 20 1 39 0 6
 2 73 0 33 1 44 1 9
 3 57 0 53 1 66 0 6
 4 78 0 68 1 109 1 9
 5 56 1 55 0 93 1 10
 6 96 0 20 0 37 1 11
 7 83 0 46 1 93 0 10
 8 85 1 68 0 25 0 9
 9 35 0 34 1 57 0 6
 10 76 1 48 1 76 0 14
 11 81 0 36 1 70 1 8
 12 54 0 42 1 73 1 8
 13 66 1 32 0 56 1 8
 14 70 0 54 1 86 1 11
 15 83 1 60 1 24 0 19
 34 2505805
 587 233 220
 15
 1 65 0 28 1 37 1 7
 2 116 1 42 0 58 1 7
 3 71 1 74 1 36 1 5
 4 59 0 50 1 84 0 9
 5 89 1 32 0 59 0 6
 6 99 1 30 0 45 0 9
 7 53 0 51 1 91 0 7
 8 87 0 66 1 26 0 4
 9 86 1 72 1 94 0 6
 10 49 1 45 1 59 0 5
 11 59 0 57 1 21 0 10
 12 66 1 61 1 101 0 9
 13 69 0 64 0 78 1 7
 14 58 1 57 1 116 1 5
 15 77 0 63 1 97 1 15
 35 2505905
 587 233 220
 15
 1 102 0 33 1 33 1 5
 2 85 1 40 0 66 1 9
 3 97 0 85 1 33 1 6
 4 39 1 32 0 57 1 9
 5 70 1 57 1 77 0 11
 6 66 0 47 1 71 0 11
 7 111 0 26 0 49 1 14
 8 113 0 46 1 53 1 13
 9 88 1 30 0 57 0 8
 10 99 1 66 0 20 0 9
 11 114 1 38 1 80 1 16
 12 78 1 45 1 74 1 3
 13 80 0 26 1 36 0 11
 14 81 1 32 1 46 0 9
 15 59 1 41 0 78 0 17
 36 2506005
 587 233 220
 15
 1 41 0 27 1 43 1 12
 2 106 0 33 1 42 0 8
 3 78 1 53 0 90 0 5
 4 100 1 74 0 114 1 6
 5 62 0 47 0 70 1 6
 6 45 0 31 1 59 0 4
 7 73 0 37 1 51 1 12
 8 38 0 38 1 63 1 9
 9 110 1 45 0 69 0 9
 10 75 0 53 0 75 1 6
 11 90 0 55 0 93 1 4
 12 89 1 73 1 30 0 3
 13 59 0 52 1 104 1 6
 14 79 0 31 0 42 1 8
 15 99 1 74 0 117 0 8
 37 2506105
 587 233 220
 15
 1 102 1 46 0 70 0 5
 2 63 1 38 1 60 1 6
 3 70 1 57 1 110 0 10
 4 78 1 51 0 95 1 2
 5 64 1 60 1 23 1 5
 6 77 1 58 0 101 1 9
 7 46 0 37 1 56 1 10
 8 80 0 60 0 22 1 7
 9 62 0 58 1 74 0 5
 10 80 0 24 1 41 1 7
 11 65 1 41 1 71 1 10
 12 106 1 99 0 46 0 3
 13 94 1 69 0 120 1 4
 14 75 1 54 0 102 0 6
 15 67 0 58 1 92 0 15
 38 2506205
 587 233 220
 15
 1 102 1 51 1 93 1 6
 2 107 1 85 1 35 0 10
 3 115 1 32 0 44 1 13
 4 59 1 34 0 59 0 6
 5 63 0 48 1 72 0 8
 6 81 0 80 0 90 1 6
 7 56 1 56 1 87 0 9
 8 76 1 71 0 25 0 9
 9 43 1 41 0 80 0 4
 10 85 1 54 0 97 0 10
 11 56 1 27 1 38 0 6
 12 46 1 35 1 62 1 7
 13 57 0 25 1 40 0 12
 14 71 0 68 1 27 1 8
 15 77 0 64 1 97 1 9
 39 2506305
 587 233 220
 15
 1 54 0 43 1 93 1 16
 2 38 1 33 1 54 0 10
 3 57 1 26 1 36 1 10
 4 73 0 35 1 40 0 10
 5 40 1 39 1 74 1 17
 6 44 1 30 1 50 0 6
 7 59 1 55 1 64 0 12
 8 98 1 43 0 55 0 12
 9 90 0 33 1 32 1 6
 10 94 1 64 1 29 1 13
 11 97 0 43 1 75 1 10
 12 72 1 43 1 79 0 11
 13 89 1 39 1 50 1 18
 14 77 1 38 0 52 1 9
 15 55 0 52 0 58 1 21
 40 2506405
 587 233 220
 15
 1 80 0 61 1 83 0 7
 2 95 0 31 1 60 1 4
 3 76 1 47 0 87 0 5
 4 95 0 56 1 94 1 5
 5 73 1 80 0 29 1 3
 6 111 1 43 1 69 0 6
 7 72 1 59 0 108 1 12
 8 119 0 39 1 63 1 9
 9 60 0 49 0 94 1 4
 10 58 0 29 1 31 0 7
 11 76 0 62 1 97 1 8
 12 107 1 36 1 54 1 8
 13 58 1 54 0 67 1 7
 14 94 0 39 0 51 1 5
 15 87 1 32 0 50 0 19
 41 2506505
 587 233 220
 15
 1 81 1 67 0 110 0 3
 2 87 1 33 1 45 0 9
 3 54 0 36 1 68 1 10
 4 77 1 36 0 68 0 8
 5 107 0 54 0 81 1 6
 6 82 0 60 1 28 1 8
 7 73 0 62 1 81 0 7
 8 77 1 47 1 22 0 14
 9 77 0 65 0 111 1 8
 10 93 1 31 1 37 1 10
 11 50 1 40 0 78 0 7
 12 52 1 46 0 64 0 11
 13 81 0 77 0 90 1 5
 14 102 1 65 1 22 1 7
 15 108 1 47 1 53 1 17
 42 2506605
 587 233 220
 15
 1 78 0 52 1 79 0 13
 2 88 1 28 1 39 1 5
 3 58 1 46 0 68 1 5
 4 77 1 36 0 57 0 10
 5 105 0 80 1 30 0 4
 6 59 1 54 0 72 1 9
 7 93 0 35 1 66 0 7
 8 67 0 65 1 101 1 5
 9 77 1 67 0 82 1 10
 10 58 1 45 1 65 1 12
 11 110 1 30 1 61 0 5
 12 76 1 68 1 77 1 7
 13 99 1 30 0 46 0 12
 14 77 1 67 1 33 0 5
 15 86 1 43 1 79 1 12
 43 2506705
 587 233 220
 15
 1 76 1 69 0 84 0 9
 2 69 0 27 1 38 1 5
 3 77 1 79 1 30 1 2
 4 104 1 37 0 54 0 4
 5 85 0 69 0 89 1 5
 6 91 0 75 1 29 1 7
 7 93 1 67 0 94 0 8
 8 83 0 43 1 50 1 6
 9 41 1 36 1 53 0 4
 10 117 1 37 1 51 1 12
 11 82 1 44 1 85 0 9
 12 111 1 90 1 25 0 9
 13 111 0 46 1 81 0 6
 14 55 0 47 1 93 1 9
 15 49 0 38 1 60 1 19
 44 2506805
 587 233 220
 15
 1 109 1 68 0 25 0 11
 2 93 1 78 1 26 1 13
 3 91 1 91 0 35 0 8
 4 95 1 35 0 69 0 8
 5 91 1 44 1 83 0 14
 6 93 1 29 0 38 0 6
 7 68 1 32 1 53 1 11
 8 109 0 39 1 60 0 6
 9 101 1 39 0 50 0 11
 10 70 1 61 1 85 1 9
 11 61 1 57 0 102 0 11
 12 41 1 25 1 47 1 9
 13 46 1 35 1 64 0 5
 14 100 1 42 1 54 0 4
 15 90 1 34 0 43 0 16
 45 2506905
 587 233 220
 15
 1 61 0 30 1 54 0 9
 2 114 1 23 1 45 0 10
 3 73 0 55 1 93 1 4
 4 79 0 41 1 74 1 15
 5 89 0 76 0 19 1 18
 6 62 1 41 1 68 1 12
 7 113 1 39 0 74 0 9
 8 78 1 20 1 35 0 4
 9 65 0 65 1 27 0 11
 10 49 0 38 1 69 1 9
 11 79 0 32 1 43 0 6
 12 78 1 37 0 56 0 8
 13 79 1 53 0 76 0 17
 14 121 0 70 1 28 1 11
 15 113 1 32 0 49 1 17
 46 2507005
 587 233 220
 15
 1 89 1 36 0 61 0 6
 2 73 0 67 1 21 0 4
 3 104 0 53 0 80 1 9
 4 56 1 57 1 106 0 7
 5 63 1 56 1 101 1 8
 6 58 1 25 1 37 1 10
 7 70 0 49 0 73 1 11
 8 67 0 59 1 100 1 6
 9 116 0 92 1 23 1 4
 10 74 1 76 0 112 1 3
 11 97 1 35 1 61 0 6
 12 111 1 47 1 74 1 9
 13 40 0 35 1 65 0 7
 14 73 1 41 0 78 1 8
 15 91 0 86 1 26 0 17
 47 2507105
 587 233 220
 15
 1 121 0 44 1 52 0 10
 2 112 1 91 0 21 0 7
 3 116 1 36 0 37 1 9
 4 77 0 39 1 40 0 10
 5 101 1 33 0 57 0 14
 6 100 1 48 0 77 1 7
 7 77 1 37 1 58 0 10
 8 54 0 43 0 79 1 7
 9 81 0 41 0 78 1 9
 10 77 0 45 0 88 1 2
 11 67 1 52 1 84 0 13
 12 63 1 28 1 46 1 7
 13 76 1 51 1 82 0 10
 14 65 1 51 0 95 0 6
 15 72 1 46 1 21 0 38
 48 2507205
 587 233 220
 15
 1 48 0 48 1 58 1 3
 2 65 1 48 0 82 0 6
 3 98 1 38 0 59 1 4
 4 98 1 47 0 82 1 7
 5 74 1 27 0 47 0 8
 6 75 1 72 0 88 0 7
 7 81 1 70 1 91 0 6
 8 96 0 35 0 58 1 5
 9 58 0 46 1 64 1 8
 10 89 0 42 1 80 0 9
 11 96 0 43 0 67 1 7
 12 69 1 43 1 74 1 12
 13 92 0 37 1 66 0 8
 14 107 1 48 0 65 1 9
 15 81 1 50 0 88 0 8
 49 2507305
 587 233 220
 15
 1 95 0 46 0 54 1 8
 2 81 0 73 1 107 1 5
 3 77 1 48 0 81 1 5
 4 76 0 62 0 111 1 9
 5 36 1 29 0 49 0 6
 6 37 0 27 1 43 0 5
 7 77 0 52 1 82 1 8
 8 119 0 80 1 19 1 6
 9 103 0 48 0 70 1 9
 10 98 1 101 0 47 0 1
 11 104 1 22 1 41 1 7
 12 87 0 61 1 104 1 9
 13 116 0 70 1 24 0 6
 14 74 1 33 0 41 1 8
 15 70 1 31 0 49 1 32
 50 2507405
 587 233 220
 15
 1 41 1 34 1 57 1 6
 2 79 0 55 0 97 1 8
 3 59 1 39 0 57 0 9
 4 84 1 41 1 54 1 16
 5 123 0 26 1 35 0 9
 6 106 1 40 0 58 0 11
 7 112 0 84 0 20 1 4
 8 95 1 47 1 68 0 4
 9 63 1 26 0 36 1 6
 10 67 0 19 1 31 1 13
 11 81 1 40 0 66 0 11
 12 96 1 46 1 77 0 15
 13 34 0 31 1 42 0 6
 14 91 1 43 0 21 0 8
 15 87 1 67 1 99 1 12
 51 2507505
 587 233 220
 15
 1 61 1 36 1 67 0 8
 2 75 0 51 1 100 0 5
 3 59 1 45 0 72 0 16
 4 52 0 19 0 38 1 14
 5 107 0 37 1 61 1 11
 6 81 0 57 1 24 1 12
 7 98 1 74 1 23 0 15
 8 51 1 40 1 63 1 10
 9 103 1 29 0 42 1 11
 10 40 0 36 1 51 0 11
 11 55 1 49 1 82 1 12
 12 79 1 33 0 32 0 8
 13 54 1 48 1 63 1 14
 14 68 1 61 0 101 1 10
 15 67 1 46 0 78 0 15
 52 2507605
 587 233 220
 15
 1 98 0 75 0 31 1 7
 2 71 0 45 1 73 1 7
 3 77 1 20 1 26 1 10
 4 97 1 58 0 112 0 9
 5 101 1 41 1 42 1 8
 6 50 1 47 1 75 0 7
 7 27 0 23 1 37 0 9
 8 86 1 37 1 56 1 5
 9 86 0 59 1 89 0 10
 10 91 0 49 0 23 1 9
 11 119 0 73 0 24 1 5
 12 105 1 42 1 50 0 14
 13 72 1 61 1 27 0 14
 14 56 0 34 1 66 1 7
 15 61 0 62 0 81 1 16
 53 2507705
 587 233 220
 15
 1 81 0 28 1 39 1 6
 2 93 1 72 0 26 1 13
 3 90 1 87 1 41 0 12
 4 88 0 43 1 77 1 4
 5 91 0 43 0 76 1 9
 6 88 0 74 0 119 1 5
 7 87 0 26 1 37 0 7
 8 83 0 80 1 104 0 8
 9 68 1 49 0 75 0 7
 10 59 0 58 1 62 0 2
 11 85 0 26 0 44 1 11
 12 57 0 49 1 66 0 6
 13 79 0 65 1 29 0 11
 14 87 0 34 0 42 1 7
 15 46 0 40 1 56 0 26
 54 2507805
 587 233 220
 15
 1 101 1 70 0 23 0 16
 2 50 1 40 0 71 0 11
 3 63 0 64 0 96 1 10
 4 60 1 56 1 22 1 13
 5 55 1 49 0 77 1 11
 6 87 1 26 0 33 0 10
 7 56 1 26 1 47 0 13
 8 91 1 35 1 68 0 12
 9 101 1 29 0 57 0 13
 10 126 0 64 1 28 1 7
 11 61 1 41 0 67 1 7
 12 77 1 62 1 20 0 11
 13 101 1 98 0 46 0 7
 14 96 1 59 0 25 0 9
 15 110 0 52 1 79 0 9
 55 2507905
 587 233 220
 15
 1 97 1 95 1 29 1 10
 2 77 0 66 1 84 0 9
 3 114 1 47 1 21 0 11
 4 125 1 38 1 61 0 7
 5 72 1 29 1 48 0 14
 6 57 1 40 0 58 1 10
 7 109 1 29 1 58 0 8
 8 47 1 39 0 52 1 10
 9 46 0 45 1 72 1 9
 10 74 1 62 1 86 0 4
 11 82 0 35 0 59 1 15
 12 111 1 81 1 39 1 7
 13 64 1 59 1 105 0 7
 14 74 0 31 1 58 1 5
 15 88 1 44 0 45 1 21
 56 2508005
 587 233 220
 15
 1 94 1 35 1 41 0 16
 2 63 0 27 1 31 1 17
 3 30 1 31 0 41 1 6
 4 94 0 87 1 44 1 7
 5 60 0 51 0 71 1 6
 6 53 0 20 0 30 1 7
 7 73 1 67 0 33 0 8
 8 78 1 35 0 59 0 7
 9 60 1 33 1 35 0 11
 10 77 1 34 0 53 0 8
 11 100 1 77 0 27 1 7
 12 56 1 49 1 91 1 10
 13 95 0 77 1 34 1 8
 14 116 0 57 1 81 1 16
 15 73 1 44 1 84 0 14
 57 2508105
 587 233 220
 15
 1 86 0 40 1 71 0 4
 2 62 0 56 0 76 1 8
 3 87 1 40 0 60 0 3
 4 74 0 58 1 24 0 7
 5 56 0 44 1 55 0 10
 6 95 1 45 1 74 0 7
 7 76 1 32 1 37 0 5
 8 81 1 79 0 95 1 7
 9 87 1 76 0 91 0 6
 10 88 0 64 1 109 0 7
 11 69 1 29 0 48 1 9
 12 81 0 72 0 99 1 6
 13 47 1 33 0 54 0 8
 14 54 1 48 0 86 0 9
 15 40 1 39 1 55 0 28
 58 2508205
 587 233 220
 15
 1 109 1 46 0 84 0 16
 2 84 1 64 0 120 1 5
 3 72 1 51 1 24 0 5
 4 55 1 35 1 65 0 7
 5 61 0 42 1 21 1 6
 6 66 1 63 1 86 1 6
 7 93 0 80 1 36 1 9
 8 90 0 61 1 115 1 8
 9 79 0 34 1 52 0 3
 10 94 0 83 0 39 1 9
 11 47 1 45 0 65 0 8
 12 112 0 24 1 35 1 7
 13 65 0 49 0 87 1 3
 14 56 1 26 0 31 0 5
 15 79 0 32 1 35 0 32
 59 2508305
 587 233 220
 15
 1 50 1 47 0 79 1 8
 2 65 1 31 1 59 0 8
 3 53 0 42 0 60 1 15
 4 94 1 38 0 47 1 6
 5 61 0 34 0 61 1 9
 6 103 0 32 1 39 1 5
 7 93 0 38 0 52 1 2
 8 46 1 35 1 49 1 5
 9 108 1 50 1 63 1 9
 10 70 0 26 1 48 0 8
 11 85 1 59 1 112 1 9
 12 45 0 42 1 46 0 10
 13 69 1 47 1 74 0 9
 14 77 1 74 1 107 1 13
 15 103 1 28 0 41 0 19
 60 2508405
 587 233 220
 15
 1 73 0 60 1 76 0 7
 2 60 0 59 0 102 1 5
 3 65 1 36 0 71 0 11
 4 91 0 65 0 25 1 15
 5 121 1 34 0 67 0 12
 6 96 0 40 1 55 1 10
 7 112 1 103 1 38 0 9
 8 56 1 33 1 66 1 8
 9 63 1 56 0 74 0 5
 10 108 0 36 1 39 0 8
 11 81 0 76 1 27 0 4
 12 62 0 60 1 77 1 5
 13 97 1 83 0 22 1 9
 14 65 0 49 0 76 1 8
 15 86 1 78 0 25 1 20
 61 2508505
 587 233 220
 15
 1 69 0 61 0 107 1 3
 2 59 1 57 1 88 1 5
 3 99 0 79 1 24 1 4
 4 77 0 38 1 65 0 6
 5 74 0 70 1 110 1 8
 6 76 0 53 1 83 0 8
 7 73 1 35 1 43 1 3
 8 76 0 71 1 81 1 12
 9 39 0 19 1 39 1 5
 10 72 1 40 0 71 1 7
 11 46 0 33 0 56 1 11
 12 78 1 68 1 113 1 4
 13 105 1 38 1 43 0 9
 14 103 0 46 1 50 0 9
 15 78 0 40 0 63 1 20
 62 2508605
 587 233 220
 15
 1 60 0 51 1 72 0 10
 2 98 0 33 0 56 1 6
 3 91 0 46 1 82 0 4
 4 99 0 50 1 58 1 5
 5 73 0 51 1 97 1 9
 6 43 0 42 0 66 1 7
 7 41 1 37 0 44 1 5
 8 89 0 61 1 103 1 11
 9 91 0 25 1 38 1 4
 10 44 1 42 0 53 0 8
 11 120 0 49 1 67 0 8
 12 80 1 32 0 48 0 12
 13 76 0 33 1 54 1 9
 14 102 0 38 0 72 1 6
 15 74 0 40 0 78 1 20
 63 2508705
 587 233 220
 15
 1 80 1 59 1 80 1 5
 2 54 1 51 0 62 1 10
 3 66 0 64 1 107 0 5
 4 71 1 29 0 36 1 3
 5 88 0 75 1 25 1 8
 6 81 0 69 1 109 1 3
 7 93 1 47 1 53 1 5
 8 36 1 32 0 46 0 7
 9 56 0 55 0 87 1 13
 10 80 1 59 1 102 0 7
 11 83 0 66 1 90 1 7
 12 91 1 46 1 83 1 6
 13 44 0 39 1 71 1 3
 14 76 1 25 0 47 0 9
 15 114 1 39 0 71 0 18
 64 2508805
 587 233 220
 15
 1 113 0 56 1 20 1 7
 2 84 0 49 1 97 1 10
 3 119 1 26 1 42 1 6
 4 89 0 41 1 68 1 8
 5 82 0 61 0 76 1 4
 6 96 1 83 1 29 0 5
 7 57 0 49 1 59 0 16
 8 55 1 33 0 54 0 4
 9 78 1 68 1 110 1 8
 10 69 1 51 1 66 0 8
 11 65 1 20 1 29 1 7
 12 116 1 60 1 28 0 14
 13 73 1 58 0 27 1 9
 14 98 1 42 1 73 0 4
 15 78 1 67 1 93 0 10
 65 2508905
 587 233 220
 15
 1 57 1 26 1 50 0 5
 2 41 1 36 0 47 1 8
 3 35 0 25 1 48 0 8
 4 103 0 53 1 73 1 7
 5 83 1 38 1 72 1 13
 6 53 0 39 1 55 0 11
 7 106 0 50 1 66 0 15
 8 77 1 69 0 76 0 8
 9 79 0 65 0 24 1 12
 10 78 1 20 0 35 0 11
 11 37 0 39 0 51 1 6
 12 48 1 41 1 80 1 14
 13 78 0 37 1 43 0 8
 14 70 0 59 1 103 1 12
 15 74 0 37 1 63 0 14
 66 2509005
 587 233 220
 15
 1 87 1 33 0 47 1 14
 2 64 0 45 0 86 1 8
 3 64 1 45 1 86 0 4
 4 78 0 31 0 56 1 4
 5 79 1 64 1 83 0 6
 6 112 0 51 1 76 1 6
 7 73 0 52 0 77 1 11
 8 95 1 61 0 89 1 7
 9 41 0 40 0 46 1 6
 10 81 1 51 1 89 1 7
 11 67 0 55 1 104 0 3
 12 83 0 36 1 55 0 7
 13 70 1 61 0 90 0 4
 14 45 1 40 1 63 1 9
 15 61 1 55 0 75 0 19
 67 2509105
 587 233 220
 15
 1 114 0 38 1 42 0 9
 2 91 1 37 0 43 0 8
 3 70 1 56 1 27 0 5
 4 45 1 37 0 69 0 5
 5 53 1 54 1 88 0 10
 6 87 1 39 1 65 0 10
 7 87 0 35 0 52 1 9
 8 109 1 35 1 48 1 12
 9 99 0 37 1 58 0 8
 10 94 1 62 0 26 0 9
 11 73 1 72 0 91 1 10
 12 112 0 54 1 67 0 10
 13 100 1 77 0 30 0 10
 14 96 0 28 1 33 0 12
 15 36 1 33 0 53 1 40
 68 2509205
 587 233 220
 15
 1 44 1 37 0 60 0 5
 2 41 1 41 1 79 1 5
 3 50 0 46 0 67 1 4
 4 113 0 51 0 88 1 6
 5 90 1 31 1 42 0 8
 6 67 1 59 0 83 0 6
 7 92 1 57 1 97 0 7
 8 43 1 33 1 51 1 5
 9 72 1 63 0 94 1 5
 10 113 0 56 1 95 0 9
 11 32 0 26 0 48 1 8
 12 66 1 53 0 77 1 8
 13 122 0 69 1 33 0 6
 14 76 0 67 0 89 1 3
 15 100 1 50 1 71 0 15
 69 2509305
 587 233 220
 15
 1 90 0 33 0 53 1 10
 2 113 0 42 0 63 1 19
 3 74 1 68 1 33 0 7
 4 81 0 71 1 32 1 9
 5 101 1 72 1 33 0 13
 6 95 1 27 1 33 0 9
 7 54 1 29 1 60 0 12
 8 72 0 60 1 78 0 10
 9 115 1 82 1 28 0 8
 10 87 1 29 0 31 0 8
 11 118 1 41 1 53 0 10
 12 87 1 77 1 22 0 12
 13 43 1 25 0 49 1 13
 14 62 0 37 0 64 1 8
 15 83 0 32 0 46 1 22
 70 2509405
 587 233 220
 15
 1 54 1 28 1 34 1 5
 2 95 1 39 0 65 0 6
 3 90 1 87 0 28 1 9
 4 54 1 55 1 75 1 3
 5 110 1 95 0 43 1 10
 6 90 1 36 1 54 0 8
 7 111 0 40 1 58 1 8
 8 86 1 58 1 91 1 8
 9 71 0 45 1 82 1 10
 10 51 0 36 1 63 0 5
 11 74 1 61 1 82 1 7
 12 108 0 101 0 41 1 3
 13 64 1 57 1 65 0 6
 14 117 1 49 0 88 0 5
 15 61 0 39 1 69 0 18
 71 2509505
 587 233 220
 15
 1 67 1 65 1 103 1 13
 2 113 1 38 1 43 0 9
 3 73 0 50 1 99 0 11
 4 112 1 35 1 53 0 5
 5 104 0 22 1 26 1 5
 6 67 0 51 0 72 1 8
 7 58 0 49 1 73 0 6
 8 106 0 33 1 46 0 12
 9 57 0 44 0 57 1 5
 10 113 0 35 1 46 1 10
 11 77 1 57 1 95 1 12
 12 52 1 33 0 54 1 5
 13 102 1 77 0 22 0 7
 14 82 0 36 1 64 0 5
 15 37 0 32 1 39 1 43
 72 2509605
 587 233 220
 15
 1 91 0 65 0 97 1 10
 2 59 1 36 0 70 1 2
 3 69 0 56 0 107 1 6
 4 92 1 82 1 33 1 5
 5 98 0 30 1 60 1 7
 6 38 0 40 0 68 1 8
 7 56 0 38 1 63 0 7
 8 33 1 30 1 52 1 6
 9 99 0 46 0 74 1 14
 10 67 1 52 0 77 0 12
 11 31 0 29 1 34 0 8
 12 69 0 46 1 82 1 11
 13 87 0 37 1 59 1 9
 14 50 1 21 1 36 1 11
 15 111 1 71 0 32 1 15
 73 2509705
 587 233 220
 15
 1 91 1 36 1 77 0 5
 2 99 0 99 1 34 1 9
 3 116 0 31 1 37 1 8
 4 73 0 58 1 77 1 9
 5 88 0 35 0 36 1 5
 6 84 0 59 1 102 1 8
 7 67 0 67 1 94 0 7
 8 68 1 49 1 77 0 6
 9 67 1 32 0 29 1 10
 10 48 1 39 0 60 1 5
 11 94 1 45 0 51 0 9
 12 111 1 58 0 28 1 7
 13 89 1 55 1 108 0 3
 14 83 1 69 1 112 0 6
 15 92 0 28 1 30 0 37
 74 2509805
 587 233 220
 15
 1 76 1 67 1 85 0 7
 2 48 0 32 1 51 1 3
 3 97 0 37 0 53 1 7
 4 118 0 53 0 56 1 8
 5 74 1 71 1 39 1 9
 6 95 1 75 1 24 1 5
 7 64 1 54 1 76 1 5
 8 71 0 62 1 86 1 4
 9 116 1 91 1 46 1 5
 10 71 1 69 0 104 0 8
 11 68 0 59 1 74 1 5
 12 50 0 45 0 71 1 5
 13 113 0 56 1 75 1 7
 14 58 0 54 0 79 1 8
 15 71 1 67 1 22 1 29
 75 2509905
 587 233 220
 15
 1 99 0 79 0 24 1 7
 2 91 0 69 1 28 1 7
 3 76 1 47 1 78 1 7
 4 92 1 34 1 35 1 8
 5 49 0 40 1 67 0 13
 6 45 1 36 1 50 1 10
 7 84 0 70 1 106 1 9
 8 90 0 32 1 47 0 3
 9 82 1 61 1 86 1 14
 10 74 1 43 1 79 1 2
 11 92 0 41 1 75 0 6
 12 83 1 60 0 83 0 11
 13 86 1 25 1 40 0 5
 14 42 0 30 1 44 1 3
 15 81 1 30 1 51 0 22
 76 2510005
 587 233 220
 15
 1 78 1 32 0 42 1 10
 2 103 1 29 0 43 0 4
 3 56 1 31 1 60 0 6
 4 75 0 63 1 94 1 6
 5 58 1 28 0 42 0 11
 6 113 1 53 1 70 1 7
 7 71 0 74 1 95 1 5
 8 112 1 29 0 49 1 6
 9 69 1 49 1 83 1 12
 10 84 0 39 0 71 1 11
 11 106 1 34 1 36 1 8
 12 90 1 73 1 115 0 8
 13 50 0 41 1 55 1 4
 14 101 0 80 0 28 1 6
 15 78 1 63 1 32 1 20
 77 2510105
 587 233 220
 15
 1 70 1 72 0 36 0 11
 2 89 0 26 1 51 0 11
 3 55 1 46 1 69 0 6
 4 76 0 32 1 58 1 9
 5 50 1 49 0 66 1 17
 6 80 1 35 1 68 1 9
 7 70 0 25 0 35 1 10
 8 70 1 38 0 79 1 6
 9 102 1 34 1 53 0 18
 10 98 1 89 0 44 1 9
 11 55 0 47 0 76 1 18
 12 32 1 26 0 52 1 7
 13 69 0 57 1 84 0 12
 14 74 1 53 1 75 0 4
 15 97 1 67 1 26 0 14
 78 2510205
 587 233 220
 15
 1 109 1 44 0 71 1 7
 2 75 1 23 1 37 1 12
 3 77 1 71 1 26 1 12
 4 92 1 39 0 51 1 13
 5 40 0 40 1 53 1 10
 6 60 1 51 0 84 1 8
 7 87 0 71 0 34 1 5
 8 61 1 59 1 88 1 8
 9 51 0 41 1 70 0 10
 10 82 1 66 0 25 0 9
 11 62 1 54 0 77 0 9
 12 85 1 38 1 47 0 8
 13 77 0 42 1 83 0 13
 14 57 0 25 1 39 1 9
 15 68 1 63 1 79 1 18
 79 2510305
 587 233 220
 15
 1 46 0 45 1 63 1 10
 2 78 0 23 1 25 0 14
 3 93 1 87 0 34 0 14
 4 77 1 34 0 64 1 10
 5 78 1 33 1 55 1 14
 6 114 0 96 1 23 1 9
 7 53 1 42 0 76 1 7
 8 80 1 30 0 43 1 16
 9 66 1 27 1 32 1 7
 10 32 0 31 1 52 1 6
 11 120 1 96 0 20 0 8
 12 116 1 52 1 65 0 8
 13 104 0 81 0 32 1 12
 14 93 1 46 0 78 1 14
 15 64 0 64 0 27 1 17
 80 2510405
 587 233 220
 15
 1 57 1 54 0 79 0 10
 2 118 0 51 0 20 1 13
 3 70 1 56 0 99 1 8
 4 96 1 37 1 61 0 7
 5 117 1 56 1 56 0 7
 6 91 1 34 0 44 1 18
 7 107 0 53 1 78 1 12
 8 100 0 30 0 49 1 10
 9 91 0 86 1 21 0 14
 10 92 0 22 1 38 1 14
 11 86 1 35 0 36 1 6
 12 63 0 56 1 21 1 6
 13 121 1 41 0 49 1 7
 14 63 1 33 1 50 1 9
 15 59 1 41 0 61 1 17
 81 2510505
 587 233 220
 15
 1 105 1 56 1 58 0 4
 2 80 1 75 0 82 1 6
 3 111 1 48 0 76 1 4
 4 102 1 38 0 76 0 5
 5 101 0 34 1 63 1 7
 6 59 1 48 1 69 1 5
 7 74 1 65 0 82 0 4
 8 75 0 67 1 117 0 9
 9 77 1 38 1 52 0 8
 10 56 1 49 0 58 0 5
 11 55 1 52 0 61 0 3
 12 79 1 77 1 36 0 5
 13 65 1 39 0 78 0 3
 14 99 1 82 1 31 0 8
 15 113 0 50 0 95 1 13
 82 2510605
 587 233 220
 15
 1 54 0 48 1 68 1 6
 2 115 1 82 1 27 1 9
 3 122 1 31 1 36 0 9
 4 73 0 56 0 21 1 7
 5 69 1 65 1 94 1 7
 6 61 1 31 0 35 0 9
 7 72 1 21 1 37 0 10
 8 60 0 49 1 84 1 7
 9 109 0 56 1 59 0 8
 10 120 1 54 1 25 0 8
 11 76 0 36 1 68 1 10
 12 112 1 56 0 84 0 9
 13 55 0 20 1 34 0 11
 14 71 1 63 0 91 1 4
 15 60 0 47 1 90 0 24
 83 2510705
 587 233 220
 15
 1 75 0 45 0 79 1 13
 2 66 0 56 1 75 0 10
 3 96 1 42 1 55 0 8
 4 40 0 34 1 62 0 9
 5 64 0 48 1 87 1 4
 6 80 0 57 1 94 0 8
 7 90 0 84 1 22 0 9
 8 67 0 27 0 41 1 7
 9 71 0 46 1 74 0 6
 10 66 1 57 1 82 1 10
 11 103 0 93 0 23 1 6
 12 67 1 54 1 93 0 7
 13 68 1 37 1 69 1 9
 14 55 1 43 1 59 1 10
 15 102 1 42 1 73 1 11
 84 2510805
 587 233 220
 15
 1 118 1 42 0 79 0 7
 2 84 0 78 1 108 0 10
 3 75 0 48 0 76 1 8
 4 101 1 95 1 42 0 10
 5 76 1 69 1 23 0 9
 6 94 0 68 0 21 1 10
 7 90 0 55 1 24 1 10
 8 86 1 29 0 47 0 9
 9 35 1 25 0 36 0 10
 10 71 1 28 1 49 0 5
 11 39 0 37 1 71 1 9
 12 86 0 24 0 32 1 6
 13 88 1 33 0 55 0 7
 14 118 1 97 1 39 1 8
 15 51 0 37 1 59 0 23
 85 2510905
 587 233 220
 15
 1 56 1 22 1 39 1 9
 2 71 0 33 1 55 1 11
 3 57 1 35 1 64 0 5
 4 77 1 74 0 23 1 6
 5 67 1 58 0 78 1 9
 6 39 1 33 1 44 1 8
 7 111 0 100 1 26 1 9
 8 71 0 65 0 113 1 7
 9 94 1 94 0 39 1 8
 10 76 1 59 0 110 0 9
 11 59 1 43 1 60 1 5
 12 119 1 39 1 42 0 8
 13 72 0 64 0 103 1 7
 14 83 1 70 1 23 1 7
 15 98 0 30 1 35 1 35
 86 2511005
 587 233 220
 15
 1 85 1 28 0 35 1 8
 2 67 0 60 1 97 1 10
 3 58 0 39 1 72 1 10
 4 54 0 48 0 63 1 7
 5 75 1 37 0 57 1 13
 6 106 1 46 0 66 0 6
 7 70 1 30 0 30 0 10
 8 84 0 40 1 61 0 9
 9 59 1 59 0 82 0 4
 10 91 1 76 0 33 1 8
 11 80 0 71 1 105 1 12
 12 58 0 53 1 58 0 8
 13 115 1 25 1 25 1 8
 14 50 1 40 0 74 0 6
 15 105 0 59 1 28 0 18
 87 2511105
 587 233 220
 15
 1 122 1 29 1 36 0 7
 2 69 0 46 1 82 0 8
 3 82 0 77 1 102 0 8
 4 111 0 33 1 42 1 10
 5 74 1 46 1 83 1 10
 6 77 1 63 0 31 0 6
 7 36 1 32 0 40 0 4
 8 57 0 26 0 41 1 7
 9 71 1 68 0 111 0 8
 10 91 1 45 1 64 0 5
 11 99 1 83 1 29 1 9
 12 70 1 68 1 83 0 2
 13 40 1 38 1 65 0 6
 14 94 1 61 0 106 1 7
 15 98 0 77 1 25 1 14
 88 2511205
 587 233 220
 15
 1 95 1 40 1 57 0 8
 2 90 1 35 0 67 0 6
 3 96 1 84 0 38 1 13
 4 93 0 85 0 23 1 10
 5 87 0 40 1 52 1 11
 6 56 1 48 1 77 0 10
 7 92 1 32 0 50 1 14
 8 75 0 26 1 47 0 10
 9 74 1 58 1 28 0 7
 10 107 1 26 1 38 1 9
 11 43 1 38 1 56 0 18
 12 114 0 77 1 29 0 8
 13 59 1 53 0 102 0 8
 14 64 1 45 0 73 1 20
 15 62 1 55 1 19 0 31
 89 2511305
 587 233 220
 15
 1 99 1 88 1 47 1 3
 2 61 0 39 1 62 0 7
 3 61 0 58 1 108 1 8
 4 64 1 52 0 71 0 8
 5 121 1 83 0 28 1 6
 6 93 0 78 1 111 1 6
 7 56 0 37 1 59 1 2
 8 74 0 66 1 100 0 9
 9 42 0 40 0 46 1 12
 10 73 1 36 1 71 0 5
 11 115 1 58 1 60 1 7
 12 54 0 47 1 92 1 3
 13 66 0 59 0 77 1 7
 14 39 0 29 0 41 1 5
 15 95 0 40 0 81 1 13
 90 2511405
 587 233 220
 15
 1 92 1 33 1 54 0 6
 2 85 1 63 0 83 1 4
 3 108 0 44 1 79 1 8
 4 118 1 47 1 55 0 6
 5 89 1 63 0 111 0 6
 6 77 0 31 0 40 1 2
 7 113 0 37 0 66 1 2
 8 121 1 60 0 83 1 7
 9 97 1 61 1 31 1 6
 10 43 1 36 1 44 0 5
 11 81 0 74 0 96 1 5
 12 85 0 64 1 25 1 8
 13 96 0 85 0 30 1 0
 14 86 1 79 0 102 0 6
 15 111 1 59 0 71 1 9
 91 2511505
 587 233 220
 15
 1 62 1 59 0 89 0 5
 2 38 0 32 1 59 1 8
 3 33 1 26 1 38 0 8
 4 81 1 25 0 32 0 9
 5 100 0 98 0 42 1 5
 6 56 1 45 1 64 0 2
 7 73 1 40 1 77 1 5
 8 44 0 26 1 47 0 8
 9 73 1 62 0 97 1 7
 10 76 0 50 1 99 1 10
 11 93 1 65 1 31 0 13
 12 119 1 78 0 36 1 6
 13 99 0 47 1 56 0 13
 14 65 1 59 1 71 0 10
 15 94 1 68 0 95 0 9
 92 2511605
 587 233 220
 15
 1 78 0 64 0 94 1 7
 2 64 1 62 0 74 0 6
 3 85 1 43 1 58 0 10
 4 67 0 59 0 93 1 7
 5 88 0 79 1 101 1 6
 6 122 1 64 0 27 1 7
 7 89 1 37 1 39 0 11
 8 70 1 26 0 45 1 4
 9 118 0 79 1 30 0 9
 10 60 0 45 1 63 0 8
 11 39 1 41 1 48 1 4
 12 47 1 35 0 56 0 7
 13 92 0 61 1 110 1 8
 14 36 0 32 1 49 0 7
 15 64 1 55 1 72 1 10
 93 2511705
 587 233 220
 15
 1 82 1 39 1 70 0 4
 2 88 1 57 1 118 0 9
 3 66 0 54 1 19 1 5
 4 114 0 45 0 68 1 5
 5 79 1 60 0 101 0 4
 6 79 1 52 0 91 0 6
 7 93 1 89 1 45 1 3
 8 71 1 65 0 83 0 5
 9 66 1 45 1 79 1 5
 10 77 1 64 1 119 1 5
 11 63 0 60 0 99 1 6
 12 62 0 49 1 86 0 8
 13 80 1 37 0 50 0 4
 14 90 0 83 1 38 1 5
 15 57 1 54 0 95 1 14
 94 2511805
 587 233 220
 15
 1 75 1 72 1 77 1 8
 2 57 1 39 0 69 0 7
 3 50 0 39 1 65 1 13
 4 86 1 29 1 51 1 9
 5 70 1 29 1 35 0 13
 6 80 1 58 1 87 0 11
 7 47 1 27 1 54 1 12
 8 80 0 54 0 110 1 7
 9 56 0 45 1 64 1 10
 10 75 0 51 1 88 1 8
 11 82 0 74 1 19 1 5
 12 74 0 64 0 121 1 8
 13 83 1 35 1 51 1 11
 14 62 0 59 0 21 1 4
 15 51 1 31 0 56 0 22
 95 2511905
 587 233 220
 15
 1 105 1 67 0 19 1 9
 2 111 1 53 1 68 0 8
 3 71 0 35 1 63 1 10
 4 69 1 35 1 60 1 11
 5 69 0 62 1 31 1 8
 6 33 1 29 1 38 0 14
 7 106 1 36 1 45 0 13
 8 102 0 36 1 39 1 9
 9 99 1 77 1 41 1 9
 10 81 0 58 1 22 0 8
 11 97 0 37 1 48 1 9
 12 82 1 56 1 23 0 10
 13 54 1 44 1 67 0 5
 14 126 0 70 0 29 1 11
 15 105 1 51 1 94 1 15
 96 2512005
 587 233 220
 15
 1 66 1 27 1 40 1 9
 2 59 0 55 1 92 0 9
 3 94 1 83 1 22 1 9
 4 88 0 35 0 49 1 4
 5 47 0 35 1 52 1 9
 6 94 1 43 1 60 1 13
 7 48 0 44 1 74 1 6
 8 56 0 24 1 42 0 3
 9 62 0 25 1 35 1 8
 10 116 0 55 0 86 1 6
 11 114 1 42 0 55 1 7
 12 96 0 83 1 38 1 13
 13 79 0 67 1 85 0 4
 14 79 1 54 1 90 0 11
 15 52 1 44 0 77 0 23
 97 2512105
 587 233 220
 15
 1 77 1 34 1 58 0 9
 2 103 0 44 0 53 1 7
 3 95 0 40 1 77 0 11
 4 95 1 69 1 29 1 8
 5 37 1 25 1 43 0 11
 6 64 1 58 1 24 1 9
 7 50 1 37 1 54 0 10
 8 73 0 58 1 78 1 9
 9 124 1 52 1 88 1 7
 10 95 0 84 1 26 1 6
 11 68 1 60 0 86 1 13
 12 122 0 29 1 54 0 9
 13 99 0 23 0 38 1 8
 14 53 0 43 0 52 1 7
 15 92 1 42 0 60 1 17
 98 2512205
 587 233 220
 15
 1 103 0 38 0 58 1 10
 2 50 1 46 0 67 0 19
 3 60 0 59 1 107 0 7
 4 68 0 52 1 72 0 13
 5 39 1 35 1 61 1 10
 6 50 0 41 1 79 0 10
 7 62 0 53 1 95 0 6
 8 80 0 54 0 92 1 9
 9 78 1 69 0 86 1 6
 10 49 0 30 1 57 1 9
 11 77 1 59 1 24 1 8
 12 57 1 41 0 70 1 10
 13 112 0 41 1 77 0 6
 14 108 1 27 0 28 1 6
 15 43 0 35 1 51 1 30
 99 2512305
 587 233 220
 15
 1 45 1 43 1 53 1 14
 2 93 1 46 0 92 1 14
 3 122 1 24 1 41 1 6
 4 36 1 33 1 54 1 6
 5 121 1 38 0 45 0 7
 6 93 1 72 0 106 1 6
 7 53 0 52 0 74 1 6
 8 111 0 97 1 40 1 9
 9 61 1 48 1 23 1 7
 10 103 0 30 0 37 1 7
 11 98 0 32 0 39 1 7
 12 90 0 53 0 27 1 4
 13 36 1 36 0 60 0 3
 14 77 0 73 0 82 1 10
 15 109 0 85 0 31 1 13
 100 2512405
 587 233 220
 15
 1 47 1 49 0 79 1 6
 2 47 1 43 0 45 1 6
 3 95 0 35 1 46 1 9
 4 96 1 92 0 32 0 7
 5 103 1 48 1 75 1 7
 6 77 0 28 0 35 1 5
 7 81 0 57 1 108 1 13
 8 40 0 23 1 44 1 17
 9 108 0 38 1 49 1 8
 10 65 1 48 1 74 1 11
 11 96 0 45 1 59 0 8
 12 117 0 41 1 62 0 10
 13 72 1 51 0 70 1 6
 14 49 0 46 1 58 0 6
 15 91 0 27 1 51 0 27
