100
 1 2502505
 587 233 220
 20
 1 105 1 76 1 30 1 10
 2 110 1 25 0 42 0 6
 3 85 0 56 0 89 1 4
 4 81 1 27 0 35 0 4
 5 97 1 77 0 119 0 5
 6 112 1 47 0 69 0 4
 7 98 1 47 0 72 0 6
 8 94 1 64 1 31 0 6
 9 85 0 84 1 31 0 4
 10 70 1 26 0 32 1 4
 11 34 1 26 0 38 1 3
 12 70 0 62 1 102 1 7
 13 24 1 24 0 33 0 1
 14 99 0 25 1 27 0 4
 15 90 0 43 0 77 1 8
 16 38 0 39 1 39 0 4
 17 75 1 64 0 104 0 4
 18 43 1 36 1 55 1 3
 19 102 0 80 1 34 1 5
 20 81 1 46 1 83 1 16
 2 2502605
 587 233 220
 20
 1 47 1 20 1 24 0 11
 2 54 1 42 1 57 0 6
 3 80 0 62 1 106 1 5
 4 74 1 65 0 100 0 5
 5 112 0 27 0 49 1 0
 6 84 1 75 0 83 0 8
 7 38 1 31 1 49 1 6
 8 87 0 75 1 39 1 6
 9 48 0 48 1 71 0 6
 10 89 0 33 0 44 1 6
 11 96 1 44 1 53 0 7
 12 77 0 23 1 39 0 5
 13 48 0 38 1 64 1 7
 14 74 1 66 0 78 0 5
 15 42 1 42 0 71 1 5
 16 99 1 89 1 25 1 3
 17 95 1 41 1 72 0 10
 18 81 1 46 1 93 0 5
 19 64 0 57 1 73 0 4
 20 68 1 69 0 86 0 11
 3 2502705
 587 233 220
 20
 1 94 1 78 1 28 1 4
 2 99 1 75 1 38 0 4
 3 115 0 38 1 44 0 9
 4 52 0 41 1 67 0 6
 5 102 1 25 0 29 1 6
 6 97 1 37 1 57 0 5
 7 93 1 39 0 50 0 4
 8 62 0 55 0 102 1 4
 9 63 1 61 0 107 1 8
 10 59 1 39 0 76 1 7
 11 71 1 66 0 75 0 4
 12 86 0 39 1 67 0 6
 13 62 1 57 1 98 1 6
 14 64 0 31 1 48 0 4
 15 84 1 34 0 55 1 4
 16 64 1 63 1 73 1 12
 17 77 1 68 0 89 0 7
 18 118 1 40 1 60 0 4
 19 95 1 30 1 43 1 4
 20 93 0 29 0 51 1 23
 4 2502805
 587 233 220
 20
 1 111 1 88 1 32 1 7
 2 39 1 28 0 53 0 5
 3 34 1 28 0 58 1 7
 4 101 0 30 1 36 0 5
 5 93 1 35 0 63 0 10
 6 125 0 38 1 61 0 3
 7 54 0 48 0 54 1 15
 8 78 0 36 1 44 1 3
 9 71 1 42 0 81 1 5
 10 114 1 47 0 50 1 4
 11 87 0 22 1 43 0 7
 12 95 1 59 0 95 0 8
 13 72 0 55 0 81 1 3
 14 98 1 45 0 84 1 9
 15 32 1 33 1 40 0 12
 16 37 1 34 0 61 0 5
 17 86 0 82 1 38 1 3
 18 67 1 35 0 35 0 7
 19 103 1 47 0 68 1 8
 20 97 1 33 1 55 1 28
 5 2502905
 587 233 220
 20
 1 85 0 38 1 56 0 6
 2 96 1 35 1 57 1 3
 3 84 1 45 1 76 0 5
 4 76 0 71 0 102 1 7
 5 81 1 35 0 42 0 7
 6 90 1 53 0 23 1 9
 7 104 1 52 0 56 0 11
 8 93 1 31 1 56 1 9
 9 31 1 33 0 33 0 11
 10 77 0 56 1 84 0 5
 11 106 1 27 0 40 0 7
 12 70 1 31 1 36 0 3
 13 89 1 96 0 27 0 4
 14 73 1 34 1 56 1 4
 15 106 1 77 0 27 1 4
 16 95 1 43 0 87 0 2
 17 74 0 64 1 78 1 11
 18 105 1 83 0 29 0 2
 19 75 1 47 1 83 0 4
 20 92 0 75 1 102 1 6
 6 2503005
 587 233 220
 20
 1 88 1 46 1 83 1 5
 2 78 0 36 1 43 1 14
 3 52 0 36 0 70 1 13
 4 59 1 51 1 70 0 7
 5 77 1 42 0 78 0 7
 6 61 0 47 1 72 1 6
 7 64 0 59 0 74 1 7
 8 75 1 74 1 37 1 8
 9 87 0 53 1 92 1 4
 10 49 0 53 1 65 0 9
 11 55 0 44 1 84 1 8
 12 69 0 28 1 46 1 6
 13 103 0 46 1 52 1 9
 14 117 1 44 1 80 0 6
 15 83 1 23 0 41 0 5
 16 65 1 32 0 56 1 5
 17 88 0 69 1 33 0 7
 18 57 0 50 1 21 0 3
 19 41 1 22 0 33 0 9
 20 111 0 38 1 73 0 13
 7 2503105
 587 233 220
 20
 1 114 1 54 1 83 0 5
 2 82 1 33 1 34 1 5
 3 57 1 53 0 64 0 4
 4 41 1 34 1 41 0 3
 5 55 1 41 0 62 0 6
 6 84 0 74 1 35 0 6
 7 74 1 37 1 60 0 5
 8 61 0 57 0 91 1 5
 9 68 0 54 0 82 1 7
 10 110 0 74 1 24 0 5
 11 68 0 53 0 74 1 2
 12 95 0 42 0 54 1 4
 13 84 1 30 1 59 0 5
 14 82 1 69 1 93 1 4
 15 77 1 65 1 75 1 6
 16 74 1 30 1 34 1 5
 17 58 0 63 1 89 1 5
 18 105 1 76 0 102 1 3
 19 61 0 57 1 100 1 5
 20 114 0 56 1 64 1 14
 8 2503205
 587 233 220
 20
 1 57 1 57 0 79 1 2
 2 38 1 30 1 56 1 4
 3 82 0 76 0 35 1 3
 4 98 1 72 0 106 1 6
 5 46 0 32 1 54 0 8
 6 96 1 102 1 35 1 5
 7 81 0 61 0 91 1 7
 8 120 1 44 1 75 0 3
 9 104 1 66 1 20 1 6
 10 79 1 57 1 81 0 8
 11 117 0 83 0 26 1 9
 12 59 0 39 0 67 1 5
 13 46 1 48 1 77 0 8
 14 53 0 51 1 69 1 2
 15 45 1 38 0 75 1 3
 16 83 1 59 1 93 0 4
 17 95 0 29 0 55 1 4
 18 73 1 50 0 76 0 7
 19 90 1 69 1 34 1 6
 20 32 1 23 1 42 0 95
 9 2503305
 587 233 220
 20
 1 69 1 66 0 94 1 2
 2 84 1 77 0 27 0 1
 3 94 0 86 1 38 0 6
 4 73 0 57 1 81 0 6
 5 51 1 45 1 66 0 6
 6 55 0 36 1 73 1 8
 7 58 0 56 1 97 1 3
 8 93 0 30 1 43 1 6
 9 55 0 38 1 72 1 3
 10 86 0 26 1 44 1 4
 11 96 0 28 1 45 1 6
 12 76 1 68 0 78 0 11
 13 86 0 32 0 61 1 7
 14 105 1 39 1 40 0 5
 15 76 0 66 0 119 1 6
 16 55 1 50 1 59 1 10
 17 99 1 45 1 57 0 4
 18 89 1 42 0 69 1 7
 19 48 1 41 0 70 0 10
 20 99 0 40 1 47 0 21
 10 2503405
 587 233 220
 20
 1 68 0 67 1 33 0 5
 2 124 0 25 0 34 1 4
 3 77 0 61 0 96 1 4
 4 45 1 36 0 62 0 7
 5 43 0 37 1 52 1 9
 6 52 1 44 1 81 1 4
 7 107 1 63 1 28 1 7
 8 74 0 35 1 61 1 6
 9 41 0 38 1 55 0 2
 10 92 0 60 0 100 1 8
 11 61 0 48 1 65 1 9
 12 101 1 91 0 34 0 7
 13 50 0 43 1 80 0 4
 14 91 0 77 1 24 0 6
 15 99 1 37 1 65 0 3
 16 118 1 28 1 33 0 5
 17 28 1 23 1 41 1 4
 18 90 1 43 1 57 1 9
 19 107 0 49 1 79 0 12
 20 68 1 45 0 82 1 16
 11 2503505
 587 233 220
 20
 1 63 0 64 0 72 1 3
 2 71 1 63 1 24 1 7
 3 77 1 58 0 102 1 7
 4 106 1 44 1 78 0 6
 5 115 1 54 0 21 1 6
 6 107 1 45 0 69 0 6
 7 66 0 39 1 72 1 3
 8 60 0 52 0 80 1 5
 9 94 0 70 1 26 1 9
 10 67 0 28 0 32 1 8
 11 75 1 37 0 64 0 8
 12 40 1 26 1 49 1 5
 13 76 0 67 1 90 1 6
 14 63 1 41 0 75 1 5
 15 77 1 63 1 75 0 9
 16 83 1 81 1 20 0 9
 17 31 0 33 1 55 0 7
 18 66 0 55 1 83 0 10
 19 69 0 27 1 33 1 3
 20 66 1 29 0 52 0 30
 12 2503605
 587 233 220
 20
 1 78 1 60 0 97 0 4
 2 109 1 83 1 24 1 7
 3 115 1 38 0 42 1 10
 4 77 1 56 1 100 0 5
 5 63 0 59 1 103 1 5
 6 77 1 67 0 79 1 8
 7 48 0 36 0 67 1 6
 8 102 1 46 0 70 0 12
 9 91 1 59 1 23 1 3
 10 38 0 36 0 63 1 4
 11 98 0 90 1 30 1 5
 12 63 0 37 1 69 0 9
 13 107 1 21 1 40 0 8
 14 98 0 37 1 61 0 8
 15 52 1 36 0 54 1 4
 16 54 0 49 1 67 0 7
 17 116 1 19 1 35 1 8
 18 36 0 32 1 50 1 10
 19 62 0 41 1 64 1 8
 20 51 1 49 0 62 1 18
 13 2503705
 587 233 220
 20
 1 53 0 26 0 36 1 11
 2 65 0 20 1 37 1 11
 3 95 1 36 1 59 0 9
 4 77 0 36 1 53 1 8
 5 103 1 36 0 66 1 8
 6 95 0 32 1 49 0 8
 7 68 1 53 0 87 1 10
 8 90 1 27 0 33 1 8
 9 114 0 42 1 73 0 3
 10 96 1 35 1 43 0 5
 11 71 1 28 0 48 0 8
 12 103 1 48 1 19 0 6
 13 75 1 32 1 39 0 7
 14 67 0 46 1 83 0 8
 15 71 1 33 1 50 0 8
 16 115 0 51 1 25 1 4
 17 105 0 42 0 47 1 7
 18 71 1 44 1 80 1 16
 19 100 1 92 0 39 1 6
 20 80 1 65 1 33 0 24
 14 2503805
 587 233 220
 20
 1 67 1 31 0 49 0 3
 2 84 0 64 0 103 1 9
 3 84 1 46 1 20 0 6
 4 77 0 60 1 109 0 9
 5 71 0 69 1 91 1 3
 6 107 1 36 1 54 0 3
 7 65 1 56 0 70 0 3
 8 72 1 35 0 53 0 7
 9 65 1 60 1 78 0 3
 10 64 1 53 1 68 1 3
 11 50 1 49 0 62 0 6
 12 41 0 36 0 63 1 3
 13 43 1 36 0 58 0 6
 14 35 0 33 1 59 0 3
 15 100 1 33 1 48 0 3
 16 84 1 40 1 73 0 8
 17 106 0 44 1 75 0 8
 18 118 1 37 0 56 1 6
 19 69 1 45 1 77 1 6
 20 90 1 40 0 77 0 16
 15 2503905
 587 233 220
 20
 1 103 0 36 0 43 1 6
 2 81 0 55 1 90 0 4
 3 56 1 40 0 67 1 5
 4 84 0 41 0 60 1 6
 5 72 1 48 1 80 1 8
 6 81 1 51 1 80 0 4
 7 72 1 70 0 106 0 3
 8 59 1 55 0 77 1 4
 9 49 0 40 1 70 1 6
 10 116 1 39 1 60 0 7
 11 77 1 70 1 112 1 7
 12 71 1 52 0 75 0 5
 13 67 1 61 0 72 1 6
 14 98 1 76 1 34 1 6
 15 69 1 41 0 84 0 7
 16 47 1 47 1 22 1 4
 17 97 0 42 1 50 0 4
 18 69 1 26 1 30 1 7
 19 55 0 39 1 75 1 4
 20 76 1 61 1 76 1 11
 16 2504005
 587 233 220
 20
 1 42 0 41 0 45 1 6
 2 100 1 42 0 75 1 5
 3 63 1 47 1 65 0 7
 4 94 1 39 0 59 0 3
 5 71 1 74 0 26 1 5
 6 54 0 43 1 67 0 5
 7 75 1 76 1 86 0 3
 8 95 1 45 1 68 0 6
 9 91 1 28 1 36 0 5
 10 76 1 69 1 92 0 2
 11 85 0 84 1 37 1 10
 12 84 1 68 0 97 0 4
 13 78 1 26 1 31 1 3
 14 65 0 61 1 79 0 6
 15 38 0 34 1 61 0 6
 16 93 0 70 1 113 0 7
 17 75 1 55 1 85 1 5
 18 110 1 78 0 25 0 8
 19 98 0 32 1 30 1 5
 20 90 0 57 1 22 1 30
 17 2504105
 587 233 220
 20
 1 74 0 34 1 48 1 7
 2 65 1 45 0 76 1 7
 3 78 1 21 0 32 0 8
 4 78 0 78 1 122 0 6
 5 66 1 61 0 74 0 7
 6 85 1 63 0 121 1 3
 7 94 0 78 0 38 1 6
 8 109 1 87 0 27 1 7
 9 97 1 45 1 58 0 5
 10 55 0 42 1 77 1 6
 11 49 1 33 0 57 0 4
 12 91 1 25 0 41 1 10
 13 85 0 41 0 67 1 5
 14 119 0 48 1 58 1 5
 15 73 1 34 1 43 1 5
 16 70 1 57 1 74 0 6
 17 83 1 41 0 59 1 6
 18 59 1 47 1 83 1 2
 19 65 0 59 0 68 1 5
 20 98 0 38 1 44 1 21
 18 2504205
 587 233 220
 20
 1 103 1 29 1 57 1 3
 2 86 1 72 1 95 0 4
 3 86 1 88 1 45 1 6
 4 61 0 59 0 88 1 4
 5 52 1 39 1 77 0 6
 6 99 0 87 1 27 0 7
 7 93 1 82 1 103 0 2
 8 73 1 34 0 43 1 2
 9 88 0 62 1 111 1 5
 10 86 1 80 1 116 1 2
 11 70 1 33 1 49 0 1
 12 74 1 32 1 42 0 8
 13 99 0 58 1 26 0 8
 14 87 1 30 1 37 0 5
 15 110 1 29 1 33 1 5
 16 44 0 42 0 46 1 5
 17 68 1 60 1 70 1 7
 18 96 1 75 1 99 1 2
 19 95 1 39 0 43 0 3
 20 99 1 68 1 98 1 11
 19 2504305
 587 233 220
 20
 1 63 0 27 0 46 1 8
 2 44 0 39 1 72 1 5
 3 71 1 67 0 95 0 6
 4 41 1 42 1 58 0 3
 5 81 0 42 1 82 1 3
 6 50 1 37 0 63 1 3
 7 55 0 21 1 32 1 4
 8 57 0 52 1 65 0 8
 9 78 1 73 0 76 1 5
 10 81 1 47 0 93 0 4
 11 91 1 69 0 24 1 4
 12 104 0 40 1 58 0 11
 13 76 0 64 1 115 0 7
 14 78 1 54 0 22 0 7
 15 91 1 66 1 26 1 9
 16 102 1 96 0 26 0 2
 17 64 1 38 0 67 0 11
 18 69 1 47 1 68 1 10
 19 104 1 44 1 21 1 4
 20 111 1 78 1 32 0 18
 20 2504405
 587 233 220
 20
 1 79 0 67 0 97 1 5
 2 69 1 69 1 83 1 4
 3 112 0 51 1 23 1 12
 4 100 0 21 1 35 1 7
 5 90 0 36 0 56 1 7
 6 75 1 35 1 52 1 5
 7 107 0 21 1 40 1 3
 8 67 0 41 1 85 0 9
 9 45 0 30 1 59 1 5
 10 95 0 46 1 79 0 5
 11 90 0 38 1 68 0 4
 12 53 0 41 0 74 1 6
 13 93 1 34 1 44 1 6
 14 107 0 49 0 68 1 8
 15 71 1 21 0 30 1 2
 16 72 1 68 0 71 0 4
 17 61 0 59 0 72 1 6
 18 89 1 38 1 64 0 7
 19 66 0 61 1 78 0 9
 20 114 0 56 1 66 1 10
 21 2504505
 587 233 220
 20
 1 94 1 70 1 104 0 7
 2 100 0 70 1 34 0 3
 3 125 1 35 1 47 0 3
 4 76 0 60 1 99 1 4
 5 115 1 93 0 33 0 5
 6 101 0 37 0 64 1 8
 7 75 1 52 0 24 0 6
 8 105 0 91 1 26 1 8
 9 103 0 45 0 48 1 6
 10 111 1 32 1 54 0 7
 11 39 0 33 1 57 0 5
 12 72 1 67 1 28 1 8
 13 60 0 49 1 58 0 3
 14 78 0 54 0 24 1 3
 15 64 1 51 0 81 0 8
 16 41 1 42 1 59 1 9
 17 78 1 30 0 51 0 7
 18 83 1 41 0 59 0 3
 19 34 1 32 0 41 1 7
 20 117 1 50 0 77 0 13
 22 2504605
 587 233 220
 20
 1 80 0 52 1 88 1 2
 2 62 1 47 0 73 0 6
 3 98 0 40 1 64 0 6
 4 58 1 44 0 68 0 6
 5 95 1 74 1 101 1 4
 6 72 1 63 1 76 1 2
 7 63 1 26 1 36 1 9
 8 74 0 33 0 31 1 5
 9 60 0 66 1 30 1 6
 10 76 1 22 1 41 1 8
 11 107 1 54 1 69 0 9
 12 103 1 44 0 78 1 10
 13 75 1 65 0 91 1 4
 14 49 1 41 1 73 0 4
 15 73 1 28 1 33 0 7
 16 98 1 90 1 44 1 5
 17 61 1 44 1 77 0 7
 18 58 1 50 1 80 0 6
 19 69 1 58 0 104 0 4
 20 37 0 31 1 39 0 76
 23 2504705
 587 233 220
 20
 1 85 1 80 1 24 0 3
 2 73 0 62 0 121 1 3
 3 77 1 24 1 50 0 15
 4 37 0 21 0 40 1 10
 5 98 0 96 0 45 1 6
 6 98 0 26 1 43 1 11
 7 87 0 67 1 28 1 6
 8 49 1 48 1 56 0 3
 9 98 0 84 0 116 1 4
 10 46 1 40 1 54 1 5
 11 79 0 70 1 26 0 7
 12 85 0 39 1 65 1 10
 13 89 0 52 0 22 1 7
 14 104 0 29 1 47 1 7
 15 68 1 67 0 104 0 2
 16 64 0 64 1 32 1 10
 17 80 1 26 1 37 1 8
 18 32 1 30 1 44 0 9
 19 67 0 48 1 96 1 12
 20 90 0 41 0 58 1 23
 24 2504805
 587 233 220
 20
 1 114 1 80 1 29 0 3
 2 67 1 59 0 102 1 4
 3 58 0 47 0 63 1 4
 4 99 1 65 0 99 0 4
 5 103 1 88 0 23 1 2
 6 109 0 34 0 48 1 4
 7 80 0 31 1 54 0 0
 8 69 0 41 0 74 1 2
 9 83 0 80 0 37 1 4
 10 102 1 55 0 27 0 6
 11 87 0 43 1 52 1 5
 12 80 0 70 1 98 0 4
 13 106 1 88 1 37 1 8
 14 75 1 69 1 101 0 6
 15 80 1 63 1 27 1 3
 16 75 1 36 0 39 1 6
 17 124 0 58 0 85 1 9
 18 80 1 37 0 72 0 7
 19 39 0 24 1 46 0 3
 20 71 1 47 1 24 1 47
 25 2504905
 587 233 220
 20
 1 79 0 34 1 52 0 10
 2 108 0 50 0 58 1 8
 3 70 0 41 1 73 1 9
 4 74 1 42 1 77 0 10
 5 77 1 62 1 28 0 5
 6 74 1 49 0 75 0 3
 7 110 1 90 1 32 1 4
 8 89 1 86 0 25 1 7
 9 49 1 46 1 68 1 4
 10 64 0 61 1 65 1 7
 11 118 1 35 1 60 1 5
 12 106 1 36 0 37 0 8
 13 119 0 48 1 54 0 3
 14 61 1 42 1 69 0 5
 15 64 1 57 1 67 1 5
 16 85 0 66 1 97 0 4
 17 108 1 92 0 23 1 5
 18 114 0 34 0 47 1 6
 19 76 0 60 1 103 1 4
 20 53 1 45 0 56 0 27
 26 2505005
 587 233 220
 20
 1 86 1 39 0 69 0 14
 2 59 0 56 0 75 1 5
 3 105 0 77 1 26 0 8
 4 59 1 25 0 42 1 9
 5 72 0 29 1 36 1 8
 6 52 1 37 1 64 1 6
 7 99 0 69 1 36 1 6
 8 107 1 68 0 30 1 7
 9 64 1 51 0 97 1 11
 10 70 1 33 0 35 1 5
 11 74 1 53 1 84 0 2
 12 44 1 40 0 50 1 6
 13 83 1 41 0 73 1 12
 14 96 0 46 1 46 1 6
 15 54 0 25 0 43 1 3
 16 62 0 47 0 65 1 8
 17 111 0 50 1 96 1 6
 18 99 1 63 0 26 1 8
 19 67 0 30 0 39 1 6
 20 61 1 39 1 69 0 18
 27 2505105
 587 233 220
 20
 1 115 0 46 1 68 0 8
 2 99 1 57 1 26 1 2
 3 80 0 46 0 95 1 10
 4 105 1 39 1 65 0 4
 5 79 1 32 1 59 1 8
 6 81 0 63 0 111 1 4
 7 37 1 30 0 36 1 5
 8 50 0 38 1 55 1 3
 9 65 0 21 1 39 0 8
 10 79 0 67 0 91 1 3
 11 72 0 31 0 63 1 6
 12 63 1 58 0 72 1 7
 13 59 0 26 1 44 0 7
 14 98 1 35 1 68 1 7
 15 112 1 53 1 60 0 2
 16 36 0 33 1 35 0 5
 17 96 1 79 0 105 1 7
 18 100 1 71 1 19 1 6
 19 77 0 38 0 57 1 4
 20 103 1 66 0 32 0 17
 28 2505205
 587 233 220
 20
 1 58 1 53 1 61 0 10
 2 53 1 51 1 52 1 5
 3 66 0 65 0 97 1 4
 4 101 1 44 0 78 0 6
 5 49 0 38 1 54 1 4
 6 90 1 86 1 23 1 3
 7 89 0 39 1 40 0 7
 8 59 1 38 0 63 1 8
 9 31 1 27 1 38 0 6
 10 82 1 37 0 62 1 6
 11 96 1 36 1 49 1 0
 12 108 0 72 1 23 0 6
 13 75 0 42 0 78 1 13
 14 69 0 19 0 34 1 8
 15 103 0 96 1 47 0 7
 16 91 0 81 0 20 1 5
 17 94 1 29 0 47 1 10
 18 58 1 39 0 74 1 6
 19 91 1 52 1 97 1 6
 20 79 0 53 1 82 1 16
 29 2505305
 587 233 220
 20
 1 60 1 58 1 89 1 2
 2 81 1 56 1 97 0 9
 3 116 0 27 1 48 0 4
 4 80 1 25 0 49 0 6
 5 39 1 29 1 42 0 4
 6 46 0 31 0 56 1 6
 7 46 0 40 0 55 1 6
 8 89 0 82 0 24 1 2
 9 85 1 52 0 88 1 9
 10 91 1 67 0 118 1 6
 11 102 1 36 0 63 0 6
 12 80 1 37 1 42 0 4
 13 90 1 39 0 58 0 3
 14 91 0 39 1 68 0 4
 15 60 1 39 0 75 0 9
 16 58 1 59 0 65 1 6
 17 82 0 77 1 32 1 9
 18 87 1 70 0 92 0 4
 19 68 1 30 0 42 1 5
 20 75 1 66 1 85 0 9
 30 2505405
 587 233 220
 20
 1 62 1 32 1 56 1 4
 2 43 1 28 1 51 1 9
 3 34 1 30 0 48 0 12
 4 71 0 57 1 111 1 1
 5 69 0 32 1 41 0 10
 6 122 1 45 1 69 0 7
 7 108 1 43 0 60 0 9
 8 105 1 67 1 27 1 6
 9 74 0 50 0 74 1 6
 10 87 1 26 0 42 0 3
 11 73 0 53 1 79 0 8
 12 73 0 56 1 92 0 5
 13 72 0 77 0 97 1 7
 14 61 1 53 1 86 0 7
 15 103 1 36 1 52 1 6
 16 120 1 33 0 53 1 7
 17 78 0 37 0 43 1 5
 18 63 1 44 0 63 1 5
 19 76 0 36 1 65 1 5
 20 85 1 38 1 48 1 25
 31 2505505
 587 233 220
 20
 1 65 1 50 1 70 0 7
 2 56 1 48 1 82 0 4
 3 85 0 42 1 73 0 9
 4 76 0 40 1 50 1 11
 5 116 0 42 1 49 0 4
 6 97 1 36 0 59 0 5
 7 69 1 45 0 71 0 10
 8 122 1 46 0 58 1 6
 9 105 1 59 0 24 0 13
 10 72 1 34 1 54 1 8
 11 73 0 35 0 43 1 8
 12 102 0 69 0 28 1 5
 13 113 0 30 1 34 0 7
 14 116 1 38 1 63 1 10
 15 33 1 31 0 62 0 8
 16 85 0 78 1 38 0 7
 17 68 1 40 1 75 1 7
 18 89 1 33 0 61 1 5
 19 98 1 30 0 46 0 6
 20 91 1 62 0 30 0 21
 32 2505605
 587 233 220
 20
 1 95 1 46 0 80 1 4
 2 84 0 36 0 48 1 6
 3 74 1 30 1 55 0 5
 4 100 1 28 0 52 1 9
 5 106 0 50 1 79 1 8
 6 64 0 56 1 79 1 11
 7 78 1 38 0 47 0 5
 8 51 0 38 0 62 1 5
 9 49 0 41 0 67 1 6
 10 108 1 42 1 44 0 5
 11 106 1 50 0 91 0 13
 12 38 1 25 0 45 1 7
 13 47 0 38 1 67 0 15
 14 83 0 27 1 36 1 7
 15 104 1 98 1 27 1 8
 16 52 1 57 1 24 1 5
 17 48 1 40 1 60 0 6
 18 81 1 36 1 54 1 2
 19 68 1 57 0 21 1 5
 20 98 0 91 0 24 1 16
 33 2505705
 587 233 220
 20
 1 36 1 21 1 39 1 4
 2 79 1 33 0 47 0 4
 3 55 1 51 1 65 1 6
 4 81 0 70 1 112 1 6
 5 55 1 56 0 98 1 6
 6 92 1 19 1 35 0 7
 7 86 1 45 0 86 0 8
 8 84 1 69 1 23 1 9
 9 37 1 36 1 59 1 5
 10 79 0 49 1 76 1 9
 11 83 0 39 0 64 1 5
 12 50 1 42 1 75 1 4
 13 64 1 30 1 54 1 11
 14 70 1 50 1 81 0 5
 15 84 0 59 1 22 0 8
 16 117 0 70 0 26 1 9
 17 57 1 51 1 70 0 7
 18 49 0 45 0 76 1 7
 19 86 1 35 1 56 0 8
 20 108 0 44 0 75 1 12
 34 2505805
 587 233 220
 20
 1 65 0 27 1 36 0 7
 2 113 1 42 1 56 0 6
 3 77 0 70 1 35 0 3
 4 56 1 53 1 82 1 5
 5 86 0 35 1 54 0 3
 6 98 0 30 1 44 0 7
 7 56 1 50 0 93 0 4
 8 87 1 71 0 26 0 3
 9 94 1 71 0 103 0 5
 10 50 1 46 1 60 0 5
 11 55 1 54 0 23 1 0
 12 63 1 59 0 107 1 5
 13 72 1 65 0 76 0 5
 14 62 1 57 0 105 0 8
 15 76 0 65 0 95 1 7
 16 78 1 59 1 79 0 5
 17 49 0 36 1 55 0 5
 18 116 0 96 1 41 1 3
 19 99 1 34 0 43 0 5
 20 110 0 57 1 65 0 11
 35 2505905
 587 233 220
 20
 1 105 1 31 1 35 0 6
 2 86 0 43 1 71 0 5
 3 97 1 84 1 30 0 10
 4 40 0 29 1 58 0 3
 5 69 0 57 0 74 1 6
 6 68 0 46 1 69 0 9
 7 108 0 25 0 52 1 7
 8 109 0 45 0 56 1 7
 9 80 1 30 0 55 1 14
 10 101 1 67 0 20 1 8
 11 119 1 38 1 80 1 9
 12 72 1 45 0 74 1 8
 13 81 1 25 0 38 0 6
 14 75 1 31 1 44 1 9
 15 56 0 43 0 72 1 11
 16 50 0 42 0 53 1 2
 17 61 1 42 0 62 0 7
 18 75 0 72 1 34 1 9
 19 68 1 69 0 74 0 6
 20 32 0 30 1 37 0 67
 36 2506005
 587 233 220
 20
 1 39 0 27 0 41 1 9
 2 112 1 36 1 38 0 4
 3 75 1 51 0 94 0 8
 4 93 1 73 1 119 0 2
 5 66 0 46 1 65 0 5
 6 43 0 30 0 62 1 10
 7 74 0 36 1 55 0 6
 8 39 1 39 1 61 0 6
 9 116 0 45 0 71 1 12
 10 73 1 51 0 70 0 9
 11 96 0 56 1 91 1 6
 12 83 1 71 1 31 1 7
 13 61 0 53 1 104 0 7
 14 85 0 32 1 43 0 6
 15 94 0 68 0 118 1 1
 16 105 1 102 0 28 0 5
 17 65 0 30 1 33 0 5
 18 109 1 29 1 45 1 3
 19 34 0 28 0 49 1 4
 20 94 0 38 0 52 1 22
 37 2506105
 587 233 220
 20
 1 103 1 43 1 76 1 3
 2 57 0 38 0 61 1 5
 3 77 0 58 1 106 1 4
 4 77 1 55 1 95 0 6
 5 67 1 60 0 24 0 3
 6 74 1 56 1 109 0 3
 7 44 1 37 1 54 1 3
 8 80 0 60 0 22 1 8
 9 63 0 57 1 72 0 10
 10 80 1 25 0 41 0 3
 11 68 1 38 1 69 0 5
 12 108 1 93 1 45 0 5
 13 96 1 68 1 119 1 4
 14 75 1 58 0 103 0 5
 15 66 0 54 1 93 1 6
 16 77 1 75 1 77 1 2
 17 124 1 60 1 68 0 3
 18 95 1 60 1 22 1 1
 19 100 1 57 0 25 0 3
 20 73 0 44 0 80 1 19
 38 2506205
 587 233 220
 20
 1 109 1 48 1 96 1 3
 2 104 1 90 1 38 1 3
 3 116 1 34 1 40 1 10
 4 56 1 34 0 64 0 10
 5 59 1 48 1 72 1 5
 6 80 0 82 1 93 0 3
 7 59 1 52 1 88 0 6
 8 75 0 68 1 26 1 4
 9 45 1 40 1 76 0 7
 10 92 1 58 0 93 0 8
 11 58 1 27 0 40 0 1
 12 45 0 32 0 63 1 5
 13 58 0 25 0 38 1 6
 14 72 0 62 1 29 1 3
 15 77 1 64 0 94 0 5
 16 46 1 45 0 64 0 5
 17 108 0 73 1 27 0 6
 18 77 1 64 0 107 0 7
 19 65 0 65 1 92 0 6
 20 49 0 38 0 60 1 29
 39 2506305
 587 233 220
 20
 1 57 1 45 0 93 1 11
 2 39 1 33 0 52 1 6
 3 56 0 24 0 35 1 8
 4 76 0 33 0 39 1 9
 5 40 1 38 1 75 0 5
 6 42 0 30 0 53 1 7
 7 57 1 52 0 61 0 10
 8 98 1 43 0 55 1 4
 9 98 1 32 0 31 1 9
 10 99 0 65 0 27 1 10
 11 99 0 43 1 76 0 8
 12 74 0 43 0 78 1 3
 13 98 1 40 1 55 0 11
 14 76 0 40 1 49 0 5
 15 56 0 52 1 59 1 7
 16 106 1 96 1 45 0 8
 17 75 0 56 0 98 1 9
 18 76 0 36 0 55 1 6
 19 39 0 36 1 42 1 11
 20 61 1 44 0 63 1 16
 40 2506405
 587 233 220
 20
 1 80 0 64 1 82 0 1
 2 96 1 31 0 62 0 5
 3 73 1 46 1 84 1 3
 4 95 1 54 0 95 1 6
 5 75 1 80 1 31 1 6
 6 118 1 46 1 64 1 2
 7 72 0 61 0 108 1 3
 8 120 1 36 1 64 0 5
 9 61 1 48 0 94 1 10
 10 58 0 29 0 33 1 9
 11 72 0 62 0 95 1 7
 12 107 1 34 0 58 1 2
 13 58 1 56 0 68 0 7
 14 100 1 36 1 50 1 5
 15 91 0 34 1 54 1 5
 16 72 1 73 1 32 1 5
 17 97 0 81 0 23 1 9
 18 86 1 69 1 97 1 7
 19 79 1 73 0 95 0 1
 20 63 0 22 1 29 0 84
 41 2506505
 587 233 220
 20
 1 76 0 70 1 109 0 3
 2 94 1 30 1 47 0 5
 3 54 0 33 0 69 1 9
 4 74 0 35 1 65 1 8
 5 109 1 56 1 81 0 7
 6 89 1 61 0 28 1 4
 7 70 1 61 1 81 0 2
 8 83 1 47 1 23 1 5
 9 83 0 61 0 112 1 6
 10 94 1 31 1 37 0 9
 11 46 1 40 1 76 0 8
 12 52 0 47 0 64 1 5
 13 84 1 78 1 89 0 6
 14 101 1 60 1 24 0 8
 15 106 0 46 1 53 0 5
 16 46 0 42 1 82 1 7
 17 81 1 49 1 92 0 5
 18 57 0 44 1 62 0 3
 19 67 0 27 1 50 0 6
 20 71 0 46 1 85 0 13
 42 2506605
 587 233 220
 20
 1 71 1 50 1 75 1 8
 2 87 1 30 0 40 1 6
 3 57 1 46 0 63 1 5
 4 76 1 38 0 57 1 3
 5 107 1 87 0 28 0 7
 6 58 1 51 0 75 0 4
 7 91 1 35 1 62 0 5
 8 71 0 69 0 95 1 4
 9 76 0 69 0 78 1 5
 10 57 1 43 1 63 0 5
 11 110 1 31 0 58 0 3
 12 78 1 68 0 77 1 7
 13 93 0 30 1 47 1 11
 14 74 0 71 0 30 1 3
 15 86 1 45 1 87 1 3
 16 96 1 65 0 98 0 3
 17 79 0 79 1 85 1 8
 18 88 1 56 0 25 0 3
 19 35 1 28 0 59 0 2
 20 74 1 66 1 78 1 12
 43 2506705
 587 233 220
 20
 1 80 0 72 1 80 1 7
 2 65 1 27 1 36 1 5
 3 76 0 79 1 30 1 3
 4 99 1 40 0 56 0 1
 5 85 1 65 1 98 1 2
 6 92 0 78 1 30 0 2
 7 88 0 66 1 100 0 6
 8 85 1 43 0 54 0 1
 9 40 1 36 0 51 1 5
 10 118 0 36 1 56 0 2
 11 82 0 44 1 88 1 1
 12 106 0 89 1 24 0 4
 13 109 1 47 1 85 1 9
 14 57 1 46 1 88 0 7
 15 49 0 41 1 65 1 2
 16 65 1 48 1 68 0 8
 17 96 1 47 1 73 1 4
 18 73 1 35 1 50 0 1
 19 86 1 69 1 92 0 9
 20 83 0 31 1 54 1 33
 44 2506805
 587 233 220
 20
 1 113 1 66 1 24 1 13
 2 97 1 79 0 26 1 10
 3 88 1 91 1 35 0 11
 4 92 0 38 1 73 1 2
 5 86 1 41 0 87 0 5
 6 89 0 29 1 40 0 10
 7 71 1 33 0 54 0 10
 8 103 0 37 1 61 1 3
 9 101 1 40 0 53 0 7
 10 67 1 63 1 85 0 5
 11 64 0 58 1 103 0 8
 12 39 0 26 1 45 0 9
 13 43 0 38 0 64 1 8
 14 96 0 45 1 58 1 7
 15 91 0 37 0 44 1 7
 16 39 0 37 0 40 1 10
 17 73 0 64 1 102 0 6
 18 45 1 43 0 79 0 2
 19 45 0 41 0 62 1 4
 20 91 1 36 1 54 1 17
 45 2506905
 587 233 220
 20
 1 65 1 32 1 54 0 4
 2 126 1 23 0 42 0 3
 3 71 1 59 0 101 0 6
 4 77 1 42 1 76 0 4
 5 92 0 72 1 19 1 12
 6 60 0 44 1 68 0 8
 7 103 0 40 1 71 0 13
 8 77 1 22 0 37 1 6
 9 68 1 61 0 26 1 7
 10 52 0 38 0 68 1 5
 11 77 1 31 1 43 1 6
 12 73 0 38 1 59 0 8
 13 82 0 50 1 83 0 6
 14 120 1 72 1 30 0 2
 15 115 0 32 1 50 1 5
 16 99 1 94 0 21 1 5
 17 58 0 27 0 40 1 13
 18 115 0 95 1 35 0 7
 19 78 1 71 1 35 1 4
 20 93 0 78 1 98 0 9
 46 2507005
 587 233 220
 20
 1 88 1 37 1 59 0 6
 2 70 1 68 0 22 1 2
 3 106 1 57 1 79 0 3
 4 59 1 59 0 103 0 6
 5 67 0 61 1 92 0 5
 6 58 1 26 0 36 0 7
 7 75 0 51 1 77 0 2
 8 70 1 55 1 102 0 9
 9 119 0 91 0 22 1 8
 10 80 1 77 1 110 0 5
 11 98 1 36 0 63 1 5
 12 109 0 50 1 73 0 3
 13 41 1 34 0 64 0 5
 14 78 0 44 1 82 0 0
 15 89 1 90 0 25 1 9
 16 64 1 66 1 65 1 5
 17 73 1 29 1 56 0 2
 18 70 1 66 1 31 1 8
 19 97 0 56 1 27 0 5
 20 104 1 79 0 38 1 17
 47 2507105
 587 233 220
 20
 1 123 1 44 1 56 0 7
 2 112 1 91 1 20 0 7
 3 121 1 39 1 37 1 7
 4 73 1 40 1 38 1 4
 5 95 0 36 0 55 1 9
 6 105 1 50 1 70 1 7
 7 79 1 38 0 59 1 8
 8 49 0 42 1 73 0 7
 9 81 1 38 0 76 1 6
 10 79 1 43 1 81 0 8
 11 67 0 53 0 83 1 8
 12 58 1 28 1 44 1 7
 13 78 1 54 0 78 1 3
 14 60 1 47 1 89 0 6
 15 72 0 49 0 20 1 10
 16 36 1 32 0 56 0 7
 17 39 0 36 1 46 1 8
 18 108 1 25 1 38 0 3
 19 57 1 32 1 61 0 6
 20 60 1 63 1 114 1 15
 48 2507205
 587 233 220
 20
 1 50 0 46 0 60 1 1
 2 66 1 47 0 83 1 3
 3 95 1 39 0 56 1 6
 4 100 1 49 0 82 0 3
 5 76 0 28 1 47 1 6
 6 71 1 76 1 88 0 4
 7 76 0 67 1 91 0 5
 8 98 1 38 0 61 1 8
 9 56 0 45 1 64 0 5
 10 91 1 45 0 80 1 5
 11 98 1 39 1 66 0 5
 12 69 0 42 0 75 1 7
 13 100 1 37 1 68 1 7
 14 105 1 50 1 67 1 9
 15 76 1 52 1 86 1 2
 16 97 1 84 0 38 1 10
 17 40 1 40 1 64 0 4
 18 78 1 58 0 83 1 5
 19 89 1 74 1 32 1 5
 20 120 0 24 1 45 1 21
 49 2507305
 587 233 220
 20
 1 88 1 47 0 53 1 8
 2 74 1 69 0 104 0 5
 3 78 0 50 1 79 0 5
 4 78 1 59 0 107 1 4
 5 37 1 32 1 49 0 9
 6 39 1 27 1 46 1 5
 7 73 0 56 0 79 1 5
 8 111 0 81 1 19 0 6
 9 98 0 47 0 75 1 6
 10 107 0 97 0 48 1 4
 11 107 1 22 0 42 1 6
 12 88 1 60 1 112 1 8
 13 112 1 70 0 23 1 1
 14 73 1 36 1 38 1 6
 15 71 1 32 0 47 0 6
 16 62 1 61 0 26 0 8
 17 34 0 33 0 43 1 6
 18 71 0 60 1 102 1 6
 19 91 1 42 1 45 1 10
 20 33 1 29 0 47 1 56
 50 2507405
 587 233 220
 20
 1 42 1 33 1 58 1 6
 2 74 1 56 1 99 0 2
 3 59 1 40 1 61 1 5
 4 83 1 38 1 58 0 8
 5 123 0 25 1 35 1 12
 6 106 0 43 1 64 1 12
 7 110 0 83 0 19 1 9
 8 99 1 47 1 67 1 5
 9 64 0 25 1 37 0 4
 10 69 1 21 1 32 0 5
 11 75 1 38 0 66 0 4
 12 94 0 47 1 78 1 3
 13 35 0 29 1 38 1 9
 14 90 0 43 1 19 1 9
 15 80 1 67 1 100 0 11
 16 125 1 70 0 33 1 10
 17 116 1 47 0 61 0 4
 18 71 1 27 1 49 1 8
 19 69 0 60 1 23 1 6
 20 83 1 40 1 67 0 17
 51 2507505
 587 233 220
 20
 1 63 0 37 1 67 1 5
 2 74 0 51 1 95 1 3
 3 62 0 41 1 70 0 8
 4 54 0 20 1 38 1 9
 5 104 1 36 0 61 0 12
 6 80 1 55 1 25 1 10
 7 99 1 71 1 22 0 5
 8 52 1 41 1 65 0 9
 9 99 0 31 1 43 1 13
 10 41 1 36 1 53 0 8
 11 56 0 50 1 82 0 9
 12 79 1 31 1 32 1 7
 13 59 0 48 1 66 1 7
 14 70 0 59 0 103 1 6
 15 64 1 47 1 84 1 7
 16 85 1 57 1 84 1 5
 17 112 1 29 1 50 0 9
 18 73 0 61 1 87 1 9
 19 59 1 26 0 33 0 6
 20 74 1 31 1 49 1 24
 52 2507605
 587 233 220
 20
 1 94 1 74 0 30 1 6
 2 69 0 45 1 76 1 6
 3 78 1 19 0 25 0 7
 4 91 0 64 0 120 1 8
 5 101 1 38 1 40 0 9
 6 51 0 48 1 76 0 5
 7 29 1 23 0 36 0 3
 8 85 0 35 1 59 0 4
 9 82 1 58 1 86 0 5
 10 95 1 46 0 25 1 8
 11 115 0 72 0 26 1 2
 12 105 0 43 1 51 0 7
 13 71 1 63 1 26 0 7
 14 57 1 37 1 66 1 2
 15 62 0 60 1 84 0 5
 16 56 0 41 0 58 1 11
 17 60 0 57 1 106 0 10
 18 48 1 44 0 58 0 3
 19 96 1 40 1 58 0 7
 20 51 1 51 1 51 1 29
 53 2507705
 587 233 220
 20
 1 80 0 28 1 39 1 5
 2 89 1 67 1 24 0 10
 3 87 1 83 1 39 0 12
 4 82 1 42 0 76 0 7
 5 91 1 46 0 79 0 2
 6 91 0 69 1 114 0 7
 7 90 1 25 0 38 0 4
 8 76 0 80 1 100 1 4
 9 68 1 52 0 77 1 5
 10 58 1 58 1 59 0 5
 11 87 1 25 1 44 0 5
 12 54 0 49 1 65 0 4
 13 76 1 65 1 28 1 1
 14 83 1 34 0 39 0 9
 15 42 0 40 1 53 0 4
 16 113 1 29 1 30 1 6
 17 95 1 61 0 26 1 7
 18 86 1 50 0 100 0 6
 19 77 1 62 1 88 0 4
 20 78 1 35 0 63 1 21
 54 2507805
 587 233 220
 20
 1 103 1 68 0 22 0 10
 2 50 1 40 1 71 0 9
 3 64 1 63 1 99 0 10
 4 59 1 56 1 23 0 5
 5 54 0 45 0 80 1 11
 6 83 0 24 1 36 1 5
 7 56 0 27 0 46 1 7
 8 100 1 34 0 63 1 6
 9 105 1 29 0 59 1 8
 10 115 1 64 1 27 1 7
 11 60 1 43 1 67 0 8
 12 82 1 66 1 21 1 6
 13 99 1 99 0 43 1 5
 14 91 0 56 0 27 1 5
 15 108 0 52 1 81 1 5
 16 76 1 78 1 81 0 6
 17 61 0 53 1 85 1 6
 18 67 1 33 0 42 1 5
 19 40 0 31 0 50 1 7
 20 99 1 39 0 65 0 12
 55 2507905
 587 233 220
 20
 1 99 1 95 1 27 0 8
 2 79 1 68 0 78 0 9
 3 110 0 49 1 21 1 9
 4 118 0 38 1 62 0 4
 5 73 0 32 1 53 1 4
 6 61 0 42 1 57 1 6
 7 112 0 30 1 57 1 11
 8 49 1 37 0 52 1 7
 9 45 0 42 1 71 1 7
 10 72 1 61 0 87 1 6
 11 85 1 36 1 58 0 4
 12 106 1 80 0 37 0 6
 13 59 0 60 0 105 1 4
 14 77 1 30 0 63 1 8
 15 91 1 45 1 44 0 9
 16 52 0 52 1 61 1 7
 17 79 0 68 1 20 0 6
 18 40 0 37 1 78 1 6
 19 89 1 73 1 27 1 2
 20 70 0 58 1 76 0 16
 56 2508005
 587 233 220
 20
 1 89 0 33 1 41 1 7
 2 63 0 28 1 32 1 18
 3 33 1 30 0 42 1 10
 4 98 0 90 0 45 1 3
 5 65 0 53 1 66 1 7
 6 55 0 20 1 30 1 6
 7 73 1 67 0 32 1 6
 8 78 1 33 0 54 1 4
 9 64 0 31 0 35 1 6
 10 82 0 34 1 54 1 7
 11 100 1 77 0 27 1 4
 12 53 0 49 0 88 1 11
 13 94 1 81 0 31 0 7
 14 117 1 60 0 83 1 2
 15 76 1 40 0 83 1 9
 16 117 0 26 0 45 1 9
 17 75 1 51 1 74 0 5
 18 110 1 90 1 32 0 14
 19 66 1 58 0 96 1 8
 20 80 0 59 0 23 1 31
 57 2508105
 587 233 220
 20
 1 85 1 39 1 73 0 4
 2 64 1 55 0 75 0 5
 3 87 1 43 1 66 0 6
 4 79 1 61 0 23 1 4
 5 56 0 45 0 58 1 3
 6 98 1 47 1 74 0 6
 7 76 1 32 1 37 0 8
 8 78 0 76 1 92 1 5
 9 92 0 78 0 94 1 4
 10 84 1 64 1 119 1 5
 11 74 0 32 0 46 1 7
 12 78 0 67 1 96 0 3
 13 49 0 35 1 51 0 5
 14 52 1 46 0 84 1 5
 15 40 1 38 1 55 0 6
 16 77 0 76 1 32 0 8
 17 75 1 68 1 74 0 8
 18 68 1 58 0 28 1 8
 19 42 1 32 0 52 0 7
 20 46 0 44 0 86 1 22
 58 2508205
 587 233 220
 20
 1 101 1 45 0 84 1 11
 2 83 1 63 1 115 0 8
 3 74 0 53 1 24 0 3
 4 55 1 34 0 68 1 3
 5 60 1 42 1 22 0 6
 6 67 1 64 1 89 0 3
 7 92 1 81 1 37 1 3
 8 91 1 62 0 118 0 5
 9 77 1 35 1 51 1 8
 10 98 1 78 1 38 0 5
 11 45 1 47 1 64 1 5
 12 109 1 25 0 35 1 4
 13 61 1 52 1 93 1 8
 14 54 0 27 1 31 0 8
 15 82 0 34 1 35 1 3
 16 49 1 48 0 79 1 5
 17 59 0 46 0 84 1 0
 18 108 1 22 1 33 1 6
 19 83 1 81 1 92 0 5
 20 90 1 66 1 28 1 22
 59 2508305
 587 233 220
 20
 1 54 1 46 0 80 0 8
 2 63 0 32 1 58 0 7
 3 54 0 45 0 61 1 9
 4 91 0 37 1 48 0 8
 5 59 0 37 1 65 1 6
 6 101 1 32 0 37 1 6
 7 92 1 39 0 53 0 3
 8 42 0 36 1 48 0 4
 9 105 1 48 0 63 1 4
 10 68 0 28 0 47 1 4
 11 88 0 64 1 108 1 4
 12 47 1 42 0 50 1 7
 13 66 0 49 0 74 1 6
 14 82 1 75 0 115 0 6
 15 98 0 28 0 42 1 8
 16 96 1 67 1 104 0 4
 17 75 1 48 0 82 0 5
 18 78 1 55 0 81 0 6
 19 59 0 38 1 58 0 8
 20 100 1 83 1 32 0 15
 60 2508405
 587 233 220
 20
 1 74 0 57 1 78 1 4
 2 60 1 55 0 104 1 6
 3 61 1 38 1 71 1 7
 4 89 0 69 1 25 0 6
 5 115 0 36 0 65 1 13
 6 99 0 41 1 54 0 11
 7 107 1 97 1 40 0 6
 8 58 1 33 1 64 1 6
 9 64 0 53 1 74 1 8
 10 109 1 34 1 40 0 6
 11 78 0 75 0 29 1 5
 12 59 1 57 1 81 0 1
 13 88 1 87 0 22 1 5
 14 62 1 53 1 84 0 4
 15 82 1 74 0 25 1 2
 16 77 0 51 1 77 1 5
 17 92 1 39 0 41 1 4
 18 73 0 50 1 100 1 6
 19 69 0 29 0 33 1 7
 20 104 0 55 1 68 0 11
 61 2508505
 587 233 220
 20
 1 71 1 61 1 113 1 0
 2 58 0 55 0 87 1 5
 3 94 1 86 0 24 0 1
 4 75 1 36 0 64 1 3
 5 72 1 68 0 107 0 5
 6 71 0 57 1 76 1 6
 7 69 1 34 1 41 1 4
 8 80 0 76 1 80 1 7
 9 41 1 20 0 38 1 2
 10 72 1 41 0 78 1 4
 11 49 1 35 0 57 1 7
 12 75 1 70 1 108 1 4
 13 108 1 41 0 46 0 6
 14 100 0 45 0 53 1 4
 15 83 1 39 1 61 0 5
 16 43 1 39 1 46 1 3
 17 90 1 37 1 66 0 6
 18 103 0 49 1 66 1 4
 19 88 1 73 0 103 1 5
 20 110 1 55 0 79 0 13
 62 2508605
 587 233 220
 20
 1 66 0 52 1 73 1 7
 2 104 1 35 1 53 1 7
 3 92 1 47 1 78 1 3
 4 102 1 50 1 53 1 3
 5 74 0 53 1 101 0 7
 6 44 1 43 1 71 1 3
 7 44 1 36 0 42 0 6
 8 95 0 60 0 108 1 4
 9 92 1 25 1 37 0 6
 10 43 1 41 1 53 1 7
 11 115 1 50 0 68 1 6
 12 81 0 29 1 49 0 3
 13 79 1 32 0 57 1 4
 14 107 1 37 1 76 0 7
 15 74 1 42 1 76 0 5
 16 103 1 100 0 23 1 10
 17 120 1 98 0 36 0 7
 18 67 0 59 0 91 1 5
 19 53 1 46 0 60 1 6
 20 114 1 34 0 40 0 21
 63 2508705
 587 233 220
 20
 1 76 1 61 0 84 1 3
 2 53 0 51 0 60 1 2
 3 67 0 59 1 102 1 9
 4 69 0 28 1 36 1 5
 5 87 0 78 1 26 1 1
 6 82 0 68 1 103 0 7
 7 88 1 44 0 50 1 5
 8 36 1 33 1 47 1 3
 9 60 0 51 1 89 1 5
 10 75 0 56 1 101 1 5
 11 82 0 68 1 97 1 4
 12 98 0 47 1 80 1 9
 13 47 0 39 1 76 1 5
 14 76 0 24 0 45 1 4
 15 107 0 36 1 69 0 6
 16 70 1 69 0 68 1 4
 17 115 1 66 1 26 1 1
 18 44 0 41 1 54 1 5
 19 121 0 81 0 24 1 6
 20 96 1 38 1 63 1 18
 64 2508805
 587 233 220
 20
 1 117 0 52 1 21 1 5
 2 87 1 50 1 95 0 5
 3 113 1 27 1 43 1 3
 4 96 0 44 1 68 1 4
 5 78 1 66 0 78 1 5
 6 104 0 79 1 29 0 4
 7 57 1 47 0 60 1 2
 8 56 1 32 0 57 0 2
 9 72 1 67 1 119 1 15
 10 66 1 48 0 70 0 3
 11 67 1 20 1 31 1 2
 12 112 0 66 0 28 1 3
 13 73 1 60 0 28 0 6
 14 92 1 40 0 69 1 2
 15 78 1 64 0 88 1 11
 16 43 1 38 1 54 0 6
 17 103 1 30 0 32 0 4
 18 77 1 45 1 94 0 4
 19 87 0 37 0 59 1 8
 20 76 1 21 1 40 0 39
 65 2508905
 587 233 220
 20
 1 54 1 27 1 48 0 5
 2 40 0 39 1 50 1 3
 3 35 0 27 1 48 0 10
 4 109 0 52 0 72 1 6
 5 86 0 40 1 73 1 5
 6 54 0 40 1 51 0 11
 7 103 1 48 0 67 0 8
 8 72 1 75 0 75 1 10
 9 74 1 61 0 23 1 11
 10 76 0 22 1 33 1 4
 11 38 1 37 0 50 0 8
 12 50 1 39 1 76 0 10
 13 73 1 35 0 42 1 11
 14 66 1 56 0 99 1 5
 15 75 0 35 1 65 1 11
 16 99 1 95 1 42 0 8
 17 94 1 35 0 63 1 6
 18 63 1 30 0 38 1 11
 19 62 1 39 0 65 1 8
 20 50 0 44 1 58 0 21
 66 2509005
 587 233 220
 20
 1 84 1 34 0 43 0 14
 2 62 0 44 0 85 1 4
 3 68 0 45 1 85 1 7
 4 76 1 30 1 55 1 6
 5 79 1 62 0 84 0 3
 6 113 0 53 1 79 0 3
 7 76 1 51 1 76 0 3
 8 90 1 59 1 93 0 5
 9 41 1 42 1 46 0 9
 10 81 1 55 1 94 1 3
 11 71 1 56 0 104 1 6
 12 79 1 35 0 51 1 5
 13 74 1 60 0 87 0 5
 14 44 1 43 0 64 1 2
 15 60 1 54 0 72 1 5
 16 68 1 69 0 26 0 4
 17 95 0 29 1 38 1 3
 18 72 1 35 0 35 0 6
 19 94 0 75 1 116 1 6
 20 56 1 42 1 65 0 27
 67 2509105
 587 233 220
 20
 1 125 1 37 1 40 0 5
 2 88 0 34 0 44 1 5
 3 65 1 55 0 27 0 7
 4 46 1 38 1 71 1 3
 5 58 1 54 0 95 0 5
 6 83 0 40 1 65 0 3
 7 88 1 37 1 55 1 10
 8 114 1 35 1 46 0 5
 9 101 1 34 0 57 0 8
 10 90 0 63 1 25 0 10
 11 76 1 71 1 87 1 5
 12 117 1 49 1 62 1 9
 13 107 1 79 1 31 1 12
 14 93 0 30 0 35 1 5
 15 35 1 33 0 56 0 8
 16 71 1 35 0 39 1 11
 17 54 1 42 1 86 1 12
 18 111 1 79 1 29 1 8
 19 55 0 49 0 90 1 9
 20 65 1 26 0 29 1 47
 68 2509205
 587 233 220
 20
 1 44 1 38 0 57 1 3
 2 40 1 39 0 79 1 3
 3 48 1 46 1 62 1 6
 4 108 0 50 1 91 0 5
 5 98 0 31 1 41 0 5
 6 61 0 62 1 82 1 3
 7 94 0 55 1 94 0 3
 8 42 0 31 0 51 1 5
 9 69 1 63 1 95 1 6
 10 120 0 55 1 95 1 7
 11 32 1 24 0 49 0 1
 12 68 0 50 1 79 0 3
 13 125 0 66 1 32 1 7
 14 74 0 67 1 89 1 5
 15 101 1 49 0 74 0 8
 16 88 0 62 0 96 1 5
 17 78 1 50 0 24 1 6
 18 64 0 54 1 22 0 4
 19 84 1 59 1 27 1 5
 20 72 0 54 0 83 1 12
 69 2509305
 587 233 220
 20
 1 87 0 33 0 51 1 6
 2 113 0 38 1 67 0 14
 3 79 0 69 0 34 1 9
 4 77 1 71 0 32 1 5
 5 94 1 71 0 33 0 8
 6 98 1 27 0 32 1 8
 7 52 1 28 0 58 0 9
 8 72 1 62 1 78 1 6
 9 111 1 83 0 28 0 7
 10 87 1 30 0 29 1 6
 11 115 0 39 1 51 1 7
 12 87 0 80 1 22 1 5
 13 43 0 26 0 48 1 5
 14 58 1 40 0 63 1 9
 15 78 0 34 1 43 1 8
 16 60 0 45 0 62 1 8
 17 56 1 53 1 72 0 8
 18 106 0 76 1 24 1 7
 19 124 0 36 0 63 1 5
 20 78 0 69 1 73 1 11
 70 2509405
 587 233 220
 20
 1 55 1 27 0 32 1 3
 2 96 0 40 1 65 1 5
 3 91 1 89 1 28 0 4
 4 57 0 50 1 70 1 7
 5 117 0 100 1 47 0 3
 6 97 1 35 1 53 0 4
 7 107 1 40 0 62 1 7
 8 80 1 58 1 92 0 7
 9 73 0 42 0 82 1 6
 10 53 0 39 0 60 1 7
 11 67 0 56 1 85 1 7
 12 114 1 97 1 40 1 7
 13 63 0 58 1 64 0 3
 14 122 1 49 0 90 1 5
 15 65 1 38 1 72 1 4
 16 30 1 30 0 36 0 4
 17 65 1 60 0 78 0 4
 18 75 0 55 1 70 1 5
 19 85 1 42 1 64 0 4
 20 82 1 39 0 50 0 22
 71 2509505
 587 233 220
 20
 1 66 1 64 1 102 1 8
 2 114 1 36 1 44 1 11
 3 75 0 49 1 100 1 4
 4 117 0 36 1 52 1 10
 5 105 0 23 0 27 1 2
 6 64 1 54 0 76 1 2
 7 63 1 48 0 76 1 2
 8 107 0 34 0 46 1 6
 9 59 0 47 1 59 1 4
 10 109 0 32 1 43 0 4
 11 71 1 57 0 89 1 11
 12 51 1 34 0 58 1 2
 13 98 0 77 0 22 1 6
 14 87 0 34 1 64 1 7
 15 35 1 30 0 41 0 8
 16 83 1 76 0 85 1 4
 17 56 0 48 0 64 1 4
 18 100 0 44 1 63 0 6
 19 81 1 60 1 96 0 5
 20 90 0 33 1 62 0 21
 72 2509605
 587 233 220
 20
 1 94 1 66 1 99 0 8
 2 58 1 36 0 67 0 4
 3 71 1 57 1 108 1 2
 4 92 1 87 1 35 0 3
 5 96 1 30 0 57 0 4
 6 37 1 38 1 64 0 5
 7 60 0 38 1 62 0 5
 8 33 0 33 1 53 0 5
 9 100 1 42 1 73 0 8
 10 64 1 53 1 82 1 5
 11 31 0 30 0 32 1 4
 12 76 0 43 0 77 1 12
 13 85 1 37 0 55 0 9
 14 54 0 22 0 33 1 5
 15 111 1 69 1 30 0 6
 16 60 1 57 0 62 1 8
 17 63 1 47 0 76 0 6
 18 95 0 45 0 57 1 7
 19 115 0 52 1 54 0 7
 20 94 0 90 1 22 0 19
 73 2509705
 587 233 220
 20
 1 92 0 38 1 70 1 6
 2 100 0 99 0 33 1 3
 3 123 0 31 0 37 1 6
 4 73 1 60 0 77 0 6
 5 82 0 36 1 35 1 8
 6 78 1 59 0 104 0 4
 7 69 0 63 1 90 1 9
 8 71 1 52 0 75 0 5
 9 64 1 29 0 30 1 5
 10 46 0 36 0 63 1 5
 11 97 1 46 0 52 0 5
 12 114 1 57 1 27 0 6
 13 90 1 56 1 99 0 2
 14 84 0 71 1 108 0 6
 15 93 0 28 1 31 1 9
 16 113 1 34 0 49 1 4
 17 43 0 39 1 70 0 3
 18 67 0 57 1 83 1 4
 19 91 0 79 1 31 1 9
 20 101 0 46 0 78 1 11
 74 2509805
 587 233 220
 20
 1 77 1 70 0 88 1 5
 2 47 1 30 0 56 1 2
 3 97 1 37 0 51 1 4
 4 116 0 52 1 55 1 5
 5 79 1 74 1 38 1 6
 6 97 1 73 1 23 0 3
 7 64 1 52 1 73 1 8
 8 71 1 60 1 92 1 6
 9 124 0 98 1 44 1 2
 10 67 1 70 1 100 0 5
 11 66 0 58 0 72 1 5
 12 52 1 42 0 67 1 4
 13 122 1 54 1 69 1 4
 14 56 0 54 0 79 1 8
 15 70 0 65 0 23 1 4
 16 85 0 78 1 34 0 3
 17 74 0 72 0 33 1 8
 18 37 0 38 0 48 1 6
 19 59 1 36 0 66 1 4
 20 71 0 61 1 110 0 13
 75 2509905
 587 233 220
 20
 1 99 0 77 1 25 1 8
 2 92 0 73 0 29 1 5
 3 76 0 46 1 83 0 6
 4 95 1 34 0 35 0 5
 5 52 0 41 0 71 1 4
 6 45 1 34 1 48 0 11
 7 86 1 66 1 108 0 9
 8 91 1 33 1 45 0 6
 9 79 1 61 0 81 0 4
 10 71 0 40 1 80 1 5
 11 89 1 41 0 78 0 5
 12 82 1 59 1 82 0 9
 13 93 1 25 0 40 1 3
 14 42 1 30 1 43 0 3
 15 77 0 28 1 49 1 8
 16 58 0 56 1 21 1 8
 17 115 1 76 1 40 1 7
 18 80 0 41 1 76 0 2
 19 115 1 47 1 68 1 6
 20 115 0 31 1 43 1 18
 76 2510005
 587 233 220
 20
 1 78 1 30 0 42 1 5
 2 101 0 27 0 47 1 2
 3 59 1 31 1 64 1 2
 4 74 1 59 1 95 0 4
 5 60 0 26 0 45 1 3
 6 107 1 52 1 76 0 6
 7 75 1 70 1 97 0 7
 8 108 0 31 1 51 0 4
 9 65 0 51 1 77 0 5
 10 81 0 40 0 74 1 3
 11 108 0 33 1 34 0 4
 12 95 0 77 1 119 1 9
 13 48 0 45 1 60 1 8
 14 101 1 81 0 26 0 4
 15 71 0 65 1 30 1 7
 16 109 1 66 1 29 0 4
 17 86 0 65 1 107 1 4
 18 124 1 38 1 56 0 0
 19 98 1 90 0 22 1 7
 20 53 0 26 0 30 1 65
 77 2510105
 587 233 220
 20
 1 75 1 71 1 35 0 11
 2 89 0 25 0 47 1 9
 3 56 0 45 1 66 1 5
 4 72 0 35 1 55 1 5
 5 47 0 49 1 63 1 7
 6 78 1 36 1 64 0 11
 7 74 0 26 1 37 1 11
 8 69 1 39 1 79 1 7
 9 101 0 35 1 51 0 9
 10 101 0 92 0 47 1 5
 11 52 1 48 0 77 1 7
 12 31 1 26 1 54 0 13
 13 70 1 59 1 82 0 8
 14 70 0 56 0 78 1 8
 15 101 1 71 0 28 0 8
 16 77 0 53 1 81 0 5
 17 100 0 84 1 35 0 8
 18 69 0 26 1 32 0 5
 19 55 0 53 0 63 1 2
 20 85 0 74 1 38 0 13
 78 2510205
 587 233 220
 20
 1 104 0 41 1 71 1 5
 2 77 1 25 1 37 0 6
 3 82 0 72 1 26 1 10
 4 93 0 38 1 55 0 7
 5 42 0 40 1 52 1 8
 6 62 0 55 0 78 1 5
 7 88 0 77 0 35 1 4
 8 63 1 60 1 87 0 6
 9 50 1 41 0 70 0 2
 10 77 1 63 0 24 0 7
 11 67 0 55 1 71 1 7
 12 84 0 39 1 48 1 7
 13 78 0 43 1 84 1 6
 14 61 1 25 1 40 1 9
 15 62 1 64 0 83 0 4
 16 50 1 39 1 50 1 5
 17 89 0 64 1 92 0 10
 18 113 0 78 1 24 0 3
 19 114 0 77 1 35 1 8
 20 47 0 37 0 66 1 33
 79 2510305
 587 233 220
 20
 1 47 1 44 1 62 0 6
 2 80 1 21 0 25 0 9
 3 88 1 82 0 33 0 12
 4 76 1 33 0 69 0 12
 5 76 1 32 0 54 1 10
 6 120 1 100 1 21 0 6
 7 54 0 42 1 76 1 10
 8 78 0 30 1 43 0 8
 9 63 0 26 1 33 0 6
 10 33 1 31 0 49 1 8
 11 117 1 93 0 20 1 14
 12 119 1 49 1 66 1 5
 13 99 0 79 0 33 1 3
 14 97 1 48 0 73 0 7
 15 60 1 61 1 27 1 4
 16 109 0 23 0 27 1 8
 17 94 1 91 0 33 1 6
 18 58 0 49 0 77 1 9
 19 88 1 74 0 35 0 10
 20 50 1 49 1 63 0 18
 80 2510405
 587 233 220
 20
 1 57 1 54 1 76 0 4
 2 123 0 51 0 20 1 9
 3 67 0 56 1 99 1 4
 4 88 0 36 1 61 0 6
 5 108 0 56 0 58 1 7
 6 88 0 36 0 48 1 2
 7 108 0 54 0 78 1 7
 8 104 0 28 1 46 1 12
 9 86 1 89 0 20 0 6
 10 88 1 22 1 40 0 9
 11 89 1 36 1 38 1 3
 12 62 1 56 0 21 0 8
 13 112 0 41 1 48 1 7
 14 61 1 33 0 49 0 5
 15 59 0 39 1 65 1 2
 16 74 0 74 1 75 1 5
 17 81 1 62 0 102 0 3
 18 100 1 78 1 106 1 6
 19 54 1 52 0 68 1 5
 20 56 0 22 0 35 1 79
 81 2510505
 587 233 220
 20
 1 107 1 53 1 63 0 2
 2 78 0 74 0 81 1 5
 3 108 0 53 0 74 1 0
 4 100 0 38 1 71 0 4
 5 104 1 32 1 57 1 5
 6 62 1 50 0 73 0 6
 7 69 1 59 1 84 0 6
 8 78 0 65 1 120 0 7
 9 78 0 36 1 50 0 5
 10 52 1 49 1 55 1 6
 11 56 1 55 0 62 1 4
 12 83 1 72 1 37 1 5
 13 67 0 41 1 78 1 6
 14 100 1 78 1 33 0 5
 15 116 0 52 1 96 1 3
 16 48 1 43 1 55 0 6
 17 75 0 27 1 28 0 3
 18 69 1 55 0 70 0 4
 19 115 0 100 0 28 1 9
 20 97 1 46 0 68 0 15
 82 2510605
 587 233 220
 20
 1 54 1 51 1 62 0 5
 2 114 1 77 0 29 1 8
 3 123 1 33 0 36 1 4
 4 71 0 55 0 21 1 6
 5 70 1 63 1 98 0 3
 6 67 1 32 0 32 0 9
 7 71 1 20 0 36 0 7
 8 57 1 50 0 81 1 4
 9 108 1 54 1 60 1 7
 10 122 1 54 1 26 1 5
 11 72 0 34 1 72 1 8
 12 113 0 52 0 82 1 5
 13 58 0 20 1 37 0 5
 14 71 1 67 1 91 1 4
 15 59 0 48 1 90 0 7
 16 101 0 98 1 41 0 7
 17 67 1 31 0 57 0 7
 18 96 1 41 1 62 1 4
 19 61 0 51 0 84 1 5
 20 70 1 68 0 79 0 16
 83 2510705
 587 233 220
 20
 1 74 1 48 0 82 0 12
 2 64 1 54 1 80 1 3
 3 89 0 41 0 58 1 7
 4 41 0 34 1 61 0 7
 5 64 0 49 1 80 1 6
 6 80 1 58 0 97 1 7
 7 95 0 76 1 22 1 4
 8 68 1 27 0 42 0 7
 9 70 0 49 1 69 1 7
 10 65 0 57 1 79 1 4
 11 96 0 95 1 23 0 8
 12 68 1 51 0 99 0 7
 13 69 0 35 1 70 0 7
 14 51 1 44 0 57 1 5
 15 97 0 43 1 71 0 8
 16 75 1 69 1 26 1 9
 17 57 1 22 1 39 1 5
 18 57 0 42 0 82 1 10
 19 54 0 41 1 79 0 6
 20 80 1 32 0 60 1 14
 84 2510805
 587 233 220
 20
 1 118 1 43 0 74 1 7
 2 78 0 72 1 104 1 5
 3 77 1 52 0 79 1 7
 4 103 1 87 0 41 1 10
 5 79 0 70 1 24 1 5
 6 94 1 67 1 19 0 8
 7 86 1 53 1 24 0 6
 8 91 0 28 1 44 0 10
 9 37 1 23 0 35 0 7
 10 72 1 30 0 51 1 7
 11 40 1 38 1 76 0 8
 12 86 0 23 1 34 1 8
 13 89 1 33 1 52 1 4
 14 116 1 98 0 40 0 4
 15 50 1 40 0 58 1 10
 16 47 1 42 0 73 1 7
 17 52 1 41 1 54 1 9
 18 59 1 48 1 88 0 9
 19 113 1 79 1 36 0 4
 20 85 1 40 0 55 1 19
 85 2510905
 587 233 220
 20
 1 57 0 22 1 36 0 4
 2 72 0 31 1 58 0 9
 3 55 1 36 1 62 1 4
 4 73 1 72 0 22 1 5
 5 64 1 60 0 77 1 5
 6 38 1 32 0 41 0 8
 7 112 1 102 0 27 1 3
 8 77 1 64 1 113 0 5
 9 99 1 97 1 42 0 6
 10 84 0 63 0 108 1 5
 11 57 0 45 1 56 0 3
 12 113 1 39 1 43 1 6
 13 70 0 67 1 98 1 6
 14 85 0 69 1 24 0 3
 15 96 0 31 0 33 1 3
 16 92 1 62 1 104 1 6
 17 44 0 45 1 77 0 7
 18 36 1 32 1 44 0 1
 19 64 1 55 1 83 0 6
 20 90 0 80 0 98 1 7
 86 2511005
 587 233 220
 20
 1 90 1 29 1 34 1 7
 2 72 0 55 1 95 0 8
 3 56 1 38 0 72 0 9
 4 52 1 48 1 61 1 6
 5 80 0 36 1 56 0 6
 6 100 1 49 1 65 0 5
 7 69 0 29 1 32 1 7
 8 81 0 38 0 58 1 6
 9 55 1 58 1 82 0 6
 10 92 1 77 1 33 0 4
 11 80 0 77 1 108 0 9
 12 54 1 55 1 59 1 1
 13 119 1 24 1 25 0 7
 14 48 1 39 0 74 1 8
 15 102 1 60 0 30 0 7
 16 65 1 44 1 70 0 5
 17 45 0 39 1 50 1 4
 18 75 0 79 1 37 1 10
 19 100 1 31 1 53 1 2
 20 99 1 80 1 38 1 15
 87 2511105
 587 233 220
 20
 1 118 1 28 1 35 1 4
 2 72 1 47 1 81 1 6
 3 78 1 75 1 96 1 7
 4 110 0 35 1 45 1 5
 5 77 0 47 1 82 0 4
 6 73 1 59 0 29 1 12
 7 37 0 31 1 40 1 9
 8 59 1 25 0 41 1 3
 9 73 1 68 1 115 0 4
 10 93 1 43 0 63 1 7
 11 92 1 82 0 28 1 8
 12 71 0 64 1 80 1 5
 13 42 0 39 0 65 1 5
 14 93 1 60 1 103 0 8
 15 94 1 77 1 25 1 2
 16 35 1 32 1 44 1 3
 17 75 1 32 0 56 0 4
 18 118 1 34 1 51 1 6
 19 115 1 50 0 70 1 5
 20 68 1 60 1 105 1 6
 88 2511205
 587 233 220
 20
 1 101 1 42 0 58 0 4
 2 92 0 33 1 69 0 3
 3 91 0 79 1 38 1 7
 4 88 1 78 0 24 1 12
 5 86 1 39 1 52 1 7
 6 55 1 48 0 81 0 5
 7 90 1 34 1 48 1 4
 8 82 1 28 1 45 0 8
 9 74 0 59 0 28 1 10
 10 106 0 28 0 38 1 3
 11 46 0 38 1 58 1 6
 12 121 1 78 0 30 1 3
 13 57 0 53 1 103 1 5
 14 62 1 42 1 74 1 12
 15 60 1 57 1 20 0 5
 16 92 1 80 0 96 0 5
 17 113 0 42 1 59 0 6
 18 102 0 69 1 28 0 6
 19 81 0 45 1 83 0 11
 20 113 1 47 0 23 0 32
 89 2511305
 587 233 220
 20
 1 98 1 88 0 47 0 3
 2 58 0 42 0 66 1 4
 3 64 1 61 0 107 1 2
 4 65 1 54 0 72 0 8
 5 125 1 85 1 27 1 6
 6 93 1 75 1 110 0 6
 7 56 1 35 0 60 0 5
 8 73 0 67 1 94 0 4
 9 45 0 38 1 43 0 1
 10 69 0 36 1 69 0 6
 11 117 1 56 0 59 0 5
 12 53 1 46 0 90 0 10
 13 70 1 57 1 75 0 4
 14 39 1 30 1 44 1 2
 15 93 1 40 0 76 1 9
 16 65 1 66 0 67 0 3
 17 71 1 62 1 112 0 5
 18 113 0 72 1 21 0 3
 19 55 0 22 1 33 1 3
 20 120 1 33 0 45 1 20
 90 2511405
 587 233 220
 20
 1 87 1 33 1 55 0 4
 2 81 0 62 1 83 0 3
 3 110 1 44 0 79 0 6
 4 113 1 43 0 52 1 8
 5 91 0 64 1 105 1 6
 6 78 1 30 0 41 0 4
 7 106 0 39 1 69 1 4
 8 113 0 57 0 86 1 3
 9 98 1 58 1 32 1 3
 10 41 0 35 0 41 1 5
 11 78 0 75 0 95 1 6
 12 81 1 63 0 25 0 6
 13 93 1 81 1 29 0 5
 14 86 0 75 1 106 1 2
 15 111 1 55 1 74 1 6
 16 41 1 32 0 47 0 6
 17 99 1 40 0 66 1 0
 18 57 1 43 1 74 1 4
 19 62 0 61 0 117 1 3
 20 92 0 68 1 33 0 21
 91 2511505
 587 233 220
 20
 1 62 0 57 1 88 1 4
 2 38 1 31 0 63 1 2
 3 33 1 26 0 40 0 8
 4 87 1 26 1 34 1 4
 5 98 0 90 1 43 0 3
 6 51 0 45 1 65 1 4
 7 69 1 40 0 78 1 4
 8 43 1 26 0 45 0 2
 9 74 0 59 1 98 1 3
 10 72 0 51 1 98 0 7
 11 96 1 63 1 33 1 4
 12 120 1 77 1 37 1 5
 13 99 0 46 1 52 0 5
 14 61 1 62 1 71 0 8
 15 88 0 68 0 98 1 6
 16 94 1 92 0 36 0 2
 17 71 0 67 0 92 1 4
 18 90 1 74 1 103 0 5
 19 97 1 85 1 37 1 8
 20 73 0 31 0 42 1 42
 92 2511605
 587 233 220
 20
 1 82 1 63 1 96 0 6
 2 64 1 58 0 72 0 7
 3 90 0 43 0 59 1 4
 4 65 1 56 1 92 1 10
 5 93 1 82 1 98 0 5
 6 122 1 62 1 28 1 1
 7 89 1 37 0 41 1 3
 8 66 0 26 1 43 0 7
 9 114 0 78 1 30 1 10
 10 58 0 44 0 62 1 5
 11 41 1 38 1 50 0 3
 12 49 1 35 1 53 0 9
 13 92 0 64 0 112 1 6
 14 35 1 32 0 49 0 3
 15 66 0 53 0 74 1 3
 16 64 1 57 1 21 0 6
 17 87 0 74 1 35 1 3
 18 64 1 51 0 64 0 8
 19 52 0 49 0 76 1 3
 20 54 1 48 0 58 1 22
 93 2511705
 587 233 220
 20
 1 78 0 38 1 72 0 3
 2 94 0 59 1 117 0 6
 3 69 0 51 0 19 1 5
 4 115 1 45 0 73 1 6
 5 85 0 56 1 95 0 3
 6 79 0 51 0 91 1 2
 7 94 0 94 1 44 0 5
 8 69 1 61 0 85 0 7
 9 64 0 48 1 78 1 3
 10 82 1 66 1 120 1 3
 11 68 1 60 1 104 1 2
 12 58 1 49 1 89 1 4
 13 76 1 39 1 50 0 4
 14 94 0 83 1 37 0 3
 15 59 1 50 1 91 1 6
 16 114 0 34 0 69 1 5
 17 78 1 62 1 79 0 4
 18 87 1 35 1 59 0 4
 19 109 0 49 0 80 1 4
 20 55 0 41 1 73 1 21
 94 2511805
 587 233 220
 20
 1 71 0 67 0 77 1 8
 2 58 0 41 1 68 0 4
 3 50 0 43 0 67 1 7
 4 93 1 27 1 55 0 8
 5 72 1 27 0 34 0 9
 6 74 0 61 1 94 0 6
 7 44 1 27 0 55 1 10
 8 77 1 57 1 109 0 7
 9 51 1 43 0 64 0 10
 10 75 1 53 0 92 1 9
 11 77 1 75 1 20 0 2
 12 68 1 67 1 116 0 7
 13 87 0 35 0 55 1 5
 14 63 1 58 1 22 0 3
 15 53 0 32 1 57 0 3
 16 81 1 53 1 88 1 6
 17 87 1 75 0 29 0 7
 18 50 1 40 0 82 0 7
 19 87 1 25 1 35 0 3
 20 99 1 40 0 60 0 9
 95 2511905
 587 233 220
 20
 1 104 0 71 0 21 1 4
 2 111 0 52 0 64 1 8
 3 78 1 32 1 59 1 9
 4 71 1 35 0 62 0 7
 5 74 0 63 0 32 1 6
 6 31 0 29 1 37 1 6
 7 110 0 39 0 47 1 9
 8 98 0 37 0 41 1 6
 9 98 0 77 1 41 1 7
 10 84 1 55 0 22 1 6
 11 102 1 38 1 50 0 5
 12 82 1 59 0 23 1 6
 13 55 1 44 1 64 1 5
 14 118 0 70 1 30 0 4
 15 99 0 50 1 93 0 5
 16 52 0 40 1 61 0 8
 17 63 1 56 0 92 1 4
 18 52 1 44 0 80 1 7
 19 61 0 54 1 64 1 7
 20 68 1 61 1 81 1 20
 96 2512005
 587 233 220
 20
 1 64 1 25 0 42 0 9
 2 56 1 55 0 97 0 6
 3 94 1 86 1 20 1 8
 4 91 1 35 0 51 1 7
 5 48 1 34 0 57 1 5
 6 91 1 44 0 65 1 6
 7 47 0 45 1 73 0 8
 8 55 1 25 0 41 1 10
 9 63 1 26 1 34 1 5
 10 114 1 54 0 93 0 5
 11 116 1 40 1 53 1 5
 12 95 1 84 0 38 1 6
 13 81 1 67 0 80 1 5
 14 83 1 54 1 89 0 8
 15 55 1 47 1 77 0 12
 16 115 1 24 0 32 0 9
 17 89 1 56 0 26 0 5
 18 104 1 34 1 40 1 5
 19 116 1 96 0 38 0 5
 20 71 1 64 1 22 0 32
 97 2512105
 587 233 220
 20
 1 75 0 32 1 63 1 6
 2 100 0 44 0 49 1 6
 3 100 1 41 1 74 0 5
 4 94 1 74 0 29 1 7
 5 39 1 24 0 43 0 3
 6 69 0 57 1 24 0 9
 7 49 1 35 0 53 1 4
 8 72 1 59 0 76 1 6
 9 118 0 54 1 87 0 7
 10 99 1 78 1 26 0 6
 11 72 1 59 0 88 1 6
 12 120 1 30 1 53 0 2
 13 94 1 24 0 42 0 3
 14 52 1 39 1 56 1 7
 15 85 1 42 0 58 1 8
 16 79 1 74 1 81 0 7
 17 55 1 51 0 99 0 4
 18 75 1 76 0 35 0 4
 19 79 0 45 1 87 1 6
 20 50 0 44 1 83 1 22
 98 2512205
 587 233 220
 20
 1 108 1 37 0 55 0 8
 2 49 1 49 1 70 0 10
 3 65 1 56 1 108 0 10
 4 68 1 52 1 73 1 4
 5 43 1 36 1 60 0 8
 6 47 0 39 0 72 1 7
 7 61 0 52 0 88 1 9
 8 81 0 53 1 95 0 10
 9 77 1 69 1 79 0 4
 10 49 1 29 0 58 0 6
 11 80 0 58 1 23 0 8
 12 56 0 39 1 68 1 4
 13 117 0 38 1 79 0 7
 14 114 1 26 0 27 1 3
 15 41 1 37 1 50 0 7
 16 57 1 51 1 59 1 6
 17 41 1 20 0 24 1 7
 18 113 1 29 1 45 0 2
 19 52 1 54 1 77 1 9
 20 89 0 69 0 33 1 15
 99 2512305
 587 233 220
 20
 1 46 1 42 0 51 1 9
 2 96 1 48 0 93 1 11
 3 113 1 22 1 39 0 9
 4 39 0 33 1 51 1 4
 5 118 0 37 0 43 1 8
 6 92 1 77 1 103 1 6
 7 57 0 55 1 71 0 7
 8 112 1 97 1 42 0 4
 9 63 1 50 0 21 1 4
 10 111 0 31 0 38 1 8
 11 100 0 33 1 42 1 7
 12 84 1 55 1 25 0 8
 13 37 0 35 1 57 1 8
 14 72 1 72 1 81 1 5
 15 109 0 90 1 31 1 6
 16 105 1 28 0 43 0 6
 17 36 1 29 1 48 1 6
 18 88 0 68 0 22 1 4
 19 118 0 31 1 31 0 7
 20 98 1 95 1 30 0 14
 100 2512405
 587 233 220
 20
 1 49 0 45 1 79 0 6
 2 43 1 43 1 45 1 4
 3 96 0 38 1 46 1 3
 4 99 1 93 1 32 0 7
 5 110 0 47 0 73 1 6
 6 73 1 27 0 36 0 6
 7 85 0 57 1 105 1 4
 8 39 1 24 1 46 0 4
 9 103 1 39 1 50 0 7
 10 62 1 44 1 72 0 7
 11 92 1 42 1 57 0 11
 12 122 1 41 0 65 1 3
 13 69 1 52 1 75 0 8
 14 48 1 46 0 63 1 2
 15 94 1 26 0 47 1 9
 16 80 0 76 0 28 1 6
 17 119 1 75 1 33 0 3
 18 80 1 63 1 101 1 6
 19 69 1 61 1 84 1 5
 20 75 1 51 0 101 1 12
