100
 1 2502505
 587 233 220
 30
 1 112 1 78 0 31 1 6
 2 108 0 24 1 44 0 4
 3 78 1 56 1 90 1 5
 4 77 1 28 0 32 0 5
 5 98 1 71 1 118 0 2
 6 106 1 48 1 69 0 4
 7 99 1 47 0 76 1 4
 8 91 0 64 1 33 1 5
 9 86 1 81 1 30 1 5
 10 74 1 25 0 31 0 6
 11 34 1 24 0 37 0 8
 12 70 1 59 0 102 0 5
 13 25 1 23 0 34 1 3
 14 92 0 26 0 26 1 4
 15 96 0 43 0 81 1 4
 16 41 0 38 0 42 1 2
 17 74 0 68 1 100 1 4
 18 41 1 37 0 50 1 4
 19 106 0 81 0 34 1 2
 20 78 1 48 0 85 1 2
 21 78 0 30 1 58 0 5
 22 79 1 66 1 98 0 4
 23 34 1 35 1 55 1 5
 24 100 1 48 0 98 1 2
 25 90 1 68 0 32 1 2
 26 83 1 65 0 28 0 2
 27 57 0 43 1 59 0 4
 28 117 1 56 0 20 0 7
 29 91 0 30 1 32 0 3
 30 83 1 79 0 26 0 28
 2 2502605
 587 233 220
 30
 1 49 0 21 0 26 1 6
 2 52 0 42 0 61 1 5
 3 75 0 67 0 103 1 3
 4 70 1 65 0 98 1 4
 5 107 0 26 1 48 1 3
 6 85 0 72 1 85 1 3
 7 38 1 32 1 46 0 0
 8 85 0 73 0 38 1 7
 9 49 1 46 0 72 0 3
 10 94 0 32 0 44 1 4
 11 97 1 44 0 55 0 2
 12 70 1 24 0 39 1 5
 13 47 1 41 1 60 0 2
 14 78 1 63 1 72 1 6
 15 41 1 38 1 78 1 5
 16 99 1 88 1 27 1 1
 17 98 1 39 1 68 0 5
 18 77 0 48 1 85 0 5
 19 63 1 58 0 73 1 5
 20 70 1 66 0 80 0 2
 21 36 0 28 1 40 0 4
 22 45 0 38 1 61 1 2
 23 44 1 44 0 58 0 3
 24 97 1 78 0 19 1 2
 25 79 0 60 1 82 0 8
 26 77 0 37 0 65 1 3
 27 55 1 45 1 59 1 8
 28 64 0 40 1 79 0 5
 29 101 0 46 1 80 1 3
 30 86 1 61 1 95 0 8
 3 2502705
 587 233 220
 30
 1 100 1 79 0 26 0 2
 2 107 1 77 1 40 1 3
 3 115 1 38 0 48 1 4
 4 51 1 40 0 65 0 5
 5 100 0 25 0 29 1 7
 6 100 1 34 1 57 0 4
 7 92 1 38 1 51 1 7
 8 61 1 55 1 110 1 2
 9 62 1 59 1 103 1 4
 10 60 1 39 1 76 1 2
 11 70 1 65 0 71 1 5
 12 88 1 39 1 69 0 3
 13 65 0 58 0 96 1 4
 14 59 1 30 1 46 1 4
 15 84 0 36 1 53 0 1
 16 63 0 64 1 70 1 3
 17 72 0 69 0 91 1 2
 18 119 0 42 1 61 0 6
 19 95 1 33 1 44 0 3
 20 87 0 31 0 49 1 4
 21 61 1 45 1 21 1 1
 22 71 0 59 1 71 1 3
 23 54 0 49 1 56 0 7
 24 64 0 51 1 104 1 5
 25 45 1 44 0 61 1 10
 26 84 1 70 0 34 0 4
 27 81 1 36 0 53 1 3
 28 61 0 47 0 71 1 3
 29 114 1 46 0 59 0 3
 30 114 0 80 1 30 1 20
 4 2502805
 587 233 220
 30
 1 112 0 95 1 34 1 3
 2 37 1 28 0 50 1 6
 3 34 0 30 1 56 0 2
 4 103 1 29 1 37 0 7
 5 95 0 35 1 65 0 1
 6 115 0 38 0 57 1 4
 7 55 1 50 0 55 0 6
 8 79 0 36 0 44 1 5
 9 69 0 46 0 79 1 1
 10 119 1 47 1 47 1 6
 11 81 0 22 1 46 1 9
 12 97 0 54 1 100 0 2
 13 69 1 58 1 78 0 3
 14 100 1 46 0 89 0 2
 15 33 0 30 1 43 1 2
 16 34 0 33 1 58 1 4
 17 86 1 77 0 38 0 7
 18 67 0 33 0 34 1 6
 19 98 1 51 0 69 1 4
 20 99 1 32 1 56 0 5
 21 64 1 50 0 91 1 4
 22 108 1 42 0 56 1 4
 23 57 1 59 0 63 0 5
 24 102 1 25 0 47 0 2
 25 102 1 35 1 53 1 2
 26 66 0 55 1 64 0 2
 27 101 1 40 0 48 0 3
 28 83 0 81 1 106 0 5
 29 92 0 67 1 31 0 9
 30 73 0 32 1 63 0 31
 5 2502905
 587 233 220
 30
 1 92 0 41 1 53 0 1
 2 92 1 35 0 56 0 4
 3 84 1 43 1 76 1 3
 4 83 0 73 1 103 1 4
 5 84 1 36 0 39 1 6
 6 93 0 56 0 21 1 4
 7 108 1 56 1 61 1 3
 8 90 0 32 1 53 1 4
 9 34 0 31 1 35 0 9
 10 80 0 55 1 86 1 5
 11 110 0 25 1 38 0 6
 12 70 1 32 0 38 1 8
 13 96 0 96 0 29 1 8
 14 73 0 34 1 56 1 2
 15 106 1 76 1 25 0 6
 16 91 1 43 0 86 1 6
 17 78 1 66 1 78 1 7
 18 106 0 84 1 29 1 2
 19 73 0 44 1 79 1 3
 20 90 0 78 0 99 1 1
 21 48 1 44 0 56 1 5
 22 55 1 50 1 68 0 8
 23 72 0 57 1 75 0 1
 24 100 0 59 0 28 1 4
 25 62 0 25 1 40 1 6
 26 61 1 26 1 40 1 6
 27 87 0 42 0 56 1 3
 28 84 0 39 0 69 1 6
 29 63 0 44 0 21 1 6
 30 46 0 36 1 66 1 26
 6 2503005
 587 233 220
 30
 1 87 1 47 1 89 1 3
 2 79 1 34 0 45 0 6
 3 57 1 37 1 71 0 7
 4 62 0 55 0 75 1 8
 5 77 1 42 0 76 1 7
 6 64 1 45 1 68 1 4
 7 66 1 58 1 70 1 5
 8 79 0 76 1 38 0 2
 9 92 1 48 1 95 1 5
 10 50 1 51 1 67 1 5
 11 54 1 44 1 84 0 10
 12 69 0 28 1 44 0 4
 13 111 1 44 0 53 0 4
 14 114 1 44 1 77 1 3
 15 87 1 22 1 38 0 6
 16 62 0 32 1 59 0 5
 17 87 0 71 1 35 1 5
 18 59 1 52 1 23 1 5
 19 40 1 21 0 33 1 8
 20 108 1 38 0 73 1 4
 21 80 1 61 1 28 0 5
 22 86 0 32 1 56 1 2
 23 81 0 62 1 21 0 4
 24 107 1 88 0 29 0 2
 25 120 1 77 1 29 1 2
 26 72 1 59 1 70 1 5
 27 76 1 74 1 37 1 2
 28 95 0 38 1 62 1 3
 29 35 1 29 1 51 0 4
 30 61 0 58 0 71 1 16
 7 2503105
 587 233 220
 30
 1 120 0 54 1 81 1 4
 2 84 1 30 0 32 0 3
 3 60 1 54 0 62 0 4
 4 44 0 32 1 41 0 2
 5 57 0 44 1 64 0 2
 6 86 1 67 0 34 0 3
 7 77 1 35 1 57 1 3
 8 59 1 56 1 95 0 4
 9 67 0 52 1 79 1 4
 10 111 0 71 1 23 0 3
 11 66 1 53 1 72 1 4
 12 97 1 42 0 54 0 3
 13 85 1 30 0 63 1 2
 14 86 1 65 0 98 0 5
 15 77 1 63 1 75 0 2
 16 75 1 30 0 34 1 0
 17 63 0 60 1 95 0 4
 18 97 1 81 1 102 1 1
 19 62 1 58 1 105 0 5
 20 123 1 58 0 60 0 1
 21 73 1 67 0 34 0 2
 22 60 1 32 0 52 0 3
 23 90 1 60 1 30 0 1
 24 75 0 62 0 112 1 4
 25 75 1 61 0 93 1 5
 26 44 0 42 1 53 1 3
 27 68 1 32 0 38 0 3
 28 92 1 76 0 25 1 4
 29 64 0 44 1 79 0 7
 30 59 1 40 0 74 0 27
 8 2503205
 587 233 220
 30
 1 61 1 60 0 73 0 4
 2 39 0 31 1 55 1 3
 3 76 1 75 1 35 0 3
 4 98 1 75 0 106 1 0
 5 48 1 30 0 55 1 4
 6 95 0 97 1 34 0 5
 7 81 1 62 0 89 0 7
 8 119 1 42 1 75 1 4
 9 103 1 68 1 22 0 2
 10 73 1 56 0 77 0 3
 11 122 1 87 1 26 0 2
 12 58 0 38 1 68 1 2
 13 49 0 46 0 80 1 3
 14 53 1 50 1 66 1 7
 15 41 0 40 1 74 1 7
 16 83 1 64 0 87 1 3
 17 91 0 27 1 52 0 7
 18 74 1 54 1 74 1 1
 19 98 1 73 0 35 1 6
 20 34 1 22 0 41 1 6
 21 67 1 51 1 79 1 3
 22 63 0 25 0 51 1 3
 23 95 0 38 0 62 1 2
 24 108 1 33 0 58 1 3
 25 80 0 40 0 56 1 6
 26 81 0 50 1 90 1 3
 27 122 1 54 0 59 0 2
 28 37 1 36 0 58 1 5
 29 60 1 43 0 75 0 5
 30 70 0 51 1 87 0 20
 9 2503305
 587 233 220
 30
 1 74 0 60 1 92 1 3
 2 82 1 82 1 27 1 2
 3 98 0 82 1 41 0 0
 4 73 0 52 1 77 1 5
 5 53 0 44 0 69 1 3
 6 56 0 36 1 69 0 4
 7 62 1 55 0 96 0 3
 8 96 0 28 1 42 0 2
 9 53 1 36 1 75 0 4
 10 92 1 26 0 43 0 3
 11 88 0 28 0 45 1 3
 12 73 1 70 1 75 1 5
 13 83 1 34 0 58 1 2
 14 110 1 39 0 39 1 1
 15 74 1 66 1 110 1 1
 16 56 1 47 0 56 1 4
 17 97 0 47 0 58 1 8
 18 92 0 46 1 65 1 2
 19 48 1 44 1 72 0 4
 20 99 0 40 0 46 1 1
 21 97 0 84 1 37 0 3
 22 104 1 48 0 54 0 3
 23 104 0 48 0 63 1 4
 24 111 0 39 1 68 1 6
 25 89 1 44 0 73 0 1
 26 48 1 47 1 64 1 2
 27 113 0 46 1 77 1 3
 28 118 0 40 1 60 1 6
 29 87 0 71 1 89 1 5
 30 106 1 45 0 46 1 25
 10 2503405
 587 233 220
 30
 1 68 1 67 1 32 0 6
 2 126 0 27 1 33 1 3
 3 75 0 61 1 96 0 1
 4 49 0 35 1 61 1 0
 5 44 0 37 1 51 0 4
 6 55 0 42 1 79 1 5
 7 113 1 61 0 28 0 5
 8 77 1 35 1 67 1 3
 9 38 0 35 1 52 0 5
 10 92 1 58 1 101 1 4
 11 58 0 49 1 67 1 6
 12 95 1 93 1 33 0 2
 13 53 1 41 1 74 0 2
 14 88 0 75 1 26 1 4
 15 91 1 36 0 68 1 6
 16 118 1 28 0 34 1 8
 17 27 1 25 0 40 1 8
 18 97 1 44 1 60 1 4
 19 105 0 48 1 75 1 3
 20 69 1 48 0 79 0 5
 21 79 1 54 0 90 0 2
 22 47 1 45 1 20 0 5
 23 60 0 58 1 114 1 5
 24 112 1 97 0 37 0 2
 25 57 1 31 1 57 0 4
 26 42 0 21 0 34 1 6
 27 111 0 33 0 35 1 5
 28 79 0 48 1 82 0 9
 29 90 0 63 0 24 1 3
 30 115 0 40 0 81 1 17
 11 2503505
 587 233 220
 30
 1 66 0 62 1 75 1 0
 2 70 1 62 1 26 1 4
 3 79 1 58 0 111 1 2
 4 110 1 41 1 76 1 3
 5 118 0 56 1 21 0 6
 6 104 1 44 1 64 1 6
 7 67 1 36 0 73 1 2
 8 60 1 54 1 82 0 5
 9 92 0 71 1 27 0 1
 10 68 1 29 0 32 1 3
 11 77 0 36 1 69 1 1
 12 40 1 25 0 48 0 3
 13 76 0 66 1 88 0 5
 14 63 1 40 0 70 0 5
 15 72 1 63 0 71 0 8
 16 81 1 76 0 19 1 5
 17 31 1 34 1 51 1 1
 18 62 1 52 1 79 1 4
 19 72 1 26 0 31 1 5
 20 63 1 30 1 51 0 5
 21 83 1 58 1 94 1 4
 22 49 0 43 1 82 0 3
 23 65 1 63 1 32 0 7
 24 78 0 72 0 119 1 2
 25 113 1 46 1 21 1 5
 26 84 1 39 1 53 1 2
 27 100 1 51 1 107 0 8
 28 54 0 36 0 58 1 2
 29 102 0 28 0 38 1 0
 30 37 1 37 1 53 1 61
 12 2503605
 587 233 220
 30
 1 82 0 57 1 98 0 1
 2 114 1 84 1 22 0 5
 3 116 1 38 0 40 0 5
 4 81 1 59 1 96 0 5
 5 62 1 61 0 106 0 3
 6 75 1 70 1 84 0 2
 7 48 1 36 1 68 0 1
 8 99 1 45 1 70 1 7
 9 93 1 58 0 25 1 2
 10 37 0 35 1 64 0 6
 11 104 0 83 1 30 0 7
 12 62 1 38 0 70 0 5
 13 102 0 23 1 39 1 2
 14 99 1 39 0 61 0 2
 15 55 0 35 0 57 1 2
 16 53 1 49 0 63 1 2
 17 115 1 20 1 36 1 5
 18 36 1 32 1 47 0 7
 19 64 0 43 0 64 1 4
 20 52 0 49 1 62 0 3
 21 100 1 39 1 41 1 7
 22 108 0 39 1 77 1 3
 23 62 0 41 0 77 1 2
 24 116 0 44 1 64 0 4
 25 75 1 70 1 35 0 3
 26 55 1 26 1 35 0 6
 27 89 1 74 1 94 1 3
 28 68 1 60 0 107 1 6
 29 112 0 51 0 75 1 1
 30 53 1 22 1 31 1 135
 13 2503705
 587 233 220
 30
 1 55 0 24 1 38 0 6
 2 62 1 22 0 38 1 6
 3 104 0 38 1 63 1 5
 4 80 0 37 0 50 1 7
 5 101 0 36 1 62 0 4
 6 96 0 30 1 51 0 2
 7 67 0 57 1 91 1 9
 8 93 1 29 1 34 1 3
 9 115 1 43 1 80 1 4
 10 99 1 35 0 44 0 5
 11 73 1 30 0 46 1 5
 12 99 1 48 1 19 1 5
 13 73 0 31 1 38 1 3
 14 71 1 44 1 83 1 4
 15 70 1 32 1 50 1 4
 16 113 0 53 1 25 1 4
 17 105 1 42 0 50 0 2
 18 75 1 43 0 82 1 3
 19 99 1 95 1 42 0 1
 20 74 1 67 0 32 1 5
 21 103 1 69 0 26 1 2
 22 39 0 38 1 56 0 5
 23 64 1 47 1 24 0 4
 24 113 1 50 0 78 0 6
 25 100 0 33 1 63 1 5
 26 101 0 32 0 59 1 7
 27 96 0 78 0 31 1 9
 28 75 0 76 0 77 1 3
 29 45 0 34 1 63 0 5
 30 66 0 56 1 26 1 47
 14 2503805
 587 233 220
 30
 1 70 1 31 1 46 0 3
 2 82 1 63 0 101 1 5
 3 79 1 44 0 22 0 6
 4 78 1 57 1 111 0 1
 5 75 0 68 0 92 1 5
 6 118 1 36 1 53 0 5
 7 67 0 54 1 73 0 2
 8 74 1 34 0 55 0 1
 9 60 1 60 1 78 0 2
 10 59 1 52 0 70 0 5
 11 50 0 45 0 65 1 3
 12 41 0 36 1 58 0 5
 13 46 0 36 0 53 1 3
 14 37 1 31 0 60 1 1
 15 103 1 35 1 45 1 3
 16 82 1 38 0 77 0 4
 17 103 1 45 0 80 1 5
 18 114 0 35 0 54 1 1
 19 69 1 46 1 79 1 3
 20 95 1 37 0 72 1 4
 21 114 0 68 1 28 1 2
 22 87 1 38 0 66 0 3
 23 59 1 32 0 63 1 2
 24 120 1 34 0 49 0 7
 25 91 0 54 1 87 1 7
 26 112 0 73 1 33 1 5
 27 65 1 48 1 90 1 5
 28 77 1 37 1 40 1 3
 29 94 0 42 1 74 1 3
 30 92 0 82 1 26 1 21
 15 2503905
 587 233 220
 30
 1 102 0 36 1 44 1 7
 2 79 1 55 0 93 0 1
 3 57 1 43 1 68 0 2
 4 82 1 40 1 61 1 3
 5 68 1 52 0 81 1 3
 6 82 1 53 0 88 0 6
 7 70 0 71 1 104 1 5
 8 56 1 50 1 72 0 4
 9 47 1 41 0 72 1 2
 10 114 0 41 1 57 1 1
 11 79 1 66 1 117 1 4
 12 74 0 53 1 75 1 2
 13 73 1 57 1 68 0 3
 14 89 1 81 0 32 1 3
 15 70 1 44 0 81 0 5
 16 48 0 50 1 22 1 3
 17 96 0 42 0 49 1 3
 18 68 0 26 1 29 0 5
 19 55 1 39 1 78 0 5
 20 70 1 59 0 77 0 4
 21 122 0 50 1 57 1 4
 22 35 1 34 0 35 0 4
 23 68 1 40 1 64 0 4
 24 93 1 79 1 32 0 1
 25 49 0 40 0 76 1 2
 26 118 0 45 1 64 1 5
 27 67 0 59 1 83 1 2
 28 84 1 53 1 98 1 2
 29 59 1 55 1 27 1 1
 30 95 0 61 1 95 0 9
 16 2504005
 587 233 220
 30
 1 40 1 39 0 41 0 5
 2 97 0 40 1 75 1 5
 3 62 1 47 1 69 1 2
 4 95 0 39 1 59 0 4
 5 76 0 74 1 27 1 0
 6 56 0 40 0 65 1 2
 7 78 0 75 1 82 0 5
 8 90 0 44 0 75 1 4
 9 99 0 29 0 36 1 1
 10 69 1 65 0 85 0 3
 11 88 1 82 0 36 1 4
 12 84 1 66 1 101 0 4
 13 78 1 27 1 29 1 3
 14 66 1 58 1 84 0 2
 15 38 0 32 0 61 1 2
 16 99 1 70 1 105 0 5
 17 71 1 51 0 88 1 3
 18 110 1 78 0 25 1 3
 19 96 0 30 0 33 1 3
 20 88 1 58 0 22 1 2
 21 92 0 35 1 37 0 3
 22 68 0 33 1 59 0 6
 23 69 0 54 1 75 1 7
 24 72 0 33 0 51 1 5
 25 99 1 66 0 29 0 2
 26 105 1 88 1 37 1 6
 27 76 1 28 0 47 1 5
 28 79 0 66 0 95 1 2
 29 63 1 28 1 40 0 5
 30 104 0 81 1 30 1 15
 17 2504105
 587 233 220
 30
 1 71 1 36 1 47 1 4
 2 66 1 46 0 75 1 4
 3 78 0 22 1 32 1 2
 4 80 0 83 1 117 0 5
 5 64 1 63 0 74 1 3
 6 78 0 62 1 121 0 6
 7 96 1 80 1 38 1 4
 8 112 1 89 0 27 0 5
 9 99 1 45 0 59 0 2
 10 53 1 44 1 77 0 5
 11 52 0 30 0 59 1 3
 12 98 1 24 1 42 1 3
 13 86 1 41 0 65 1 2
 14 122 0 49 1 53 1 4
 15 68 1 34 0 42 0 1
 16 68 1 58 1 80 0 3
 17 84 1 39 0 57 0 5
 18 57 1 44 0 81 1 4
 19 67 1 59 1 74 0 3
 20 90 0 40 0 47 1 2
 21 46 0 44 0 80 1 1
 22 104 1 25 1 34 1 3
 23 67 1 62 1 84 0 3
 24 57 0 22 0 37 1 4
 25 62 1 53 1 76 1 3
 26 72 0 65 1 105 1 2
 27 73 1 36 0 50 1 1
 28 32 0 27 1 36 1 2
 29 73 1 49 1 74 0 5
 30 83 0 61 0 120 1 8
 18 2504205
 587 233 220
 30
 1 108 0 29 1 56 0 2
 2 93 1 70 1 92 0 1
 3 91 1 89 0 42 1 2
 4 62 0 62 1 88 0 5
 5 53 1 43 0 76 0 0
 6 95 1 87 1 29 1 3
 7 89 0 76 1 102 0 3
 8 75 1 34 1 40 0 3
 9 86 0 58 1 116 1 4
 10 83 0 76 1 113 0 2
 11 70 1 33 1 52 1 1
 12 68 1 29 0 39 1 2
 13 105 0 59 1 26 0 5
 14 83 1 30 0 35 1 5
 15 120 1 28 1 32 0 1
 16 44 0 43 1 43 1 1
 17 66 1 65 0 75 1 2
 18 95 1 74 1 101 0 5
 19 95 1 38 0 45 0 5
 20 95 1 65 0 104 1 4
 21 61 1 50 0 80 0 1
 22 48 1 31 1 54 1 2
 23 71 0 65 1 97 0 1
 24 41 1 39 0 54 1 4
 25 115 1 40 1 72 1 2
 26 104 1 32 1 41 0 2
 27 67 0 68 0 103 1 3
 28 92 1 34 0 53 0 3
 29 63 0 44 0 85 1 4
 30 72 0 38 1 42 1 49
 19 2504305
 587 233 220
 30
 1 62 1 25 1 43 1 6
 2 44 0 41 0 69 1 3
 3 74 1 62 0 96 1 2
 4 42 1 39 0 63 0 4
 5 76 0 44 0 83 1 2
 6 55 0 37 1 61 1 1
 7 54 0 19 0 32 1 2
 8 59 0 54 0 65 1 2
 9 74 1 74 0 76 1 1
 10 81 0 49 1 87 1 4
 11 93 1 67 0 24 0 5
 12 98 0 42 0 60 1 3
 13 75 1 58 0 116 1 7
 14 76 0 53 1 23 1 2
 15 98 0 68 0 25 1 3
 16 105 1 93 0 28 1 2
 17 62 0 35 0 68 1 6
 18 65 1 50 0 66 1 5
 19 98 0 48 0 22 1 5
 20 111 1 78 1 32 0 4
 21 39 1 31 1 54 0 8
 22 82 1 19 0 29 0 5
 23 77 1 66 1 102 1 4
 24 27 1 25 0 37 0 3
 25 82 1 61 1 30 1 6
 26 79 1 75 1 98 1 4
 27 88 1 66 1 26 0 6
 28 56 0 41 1 71 0 2
 29 91 1 75 1 93 0 5
 30 69 1 57 1 68 1 17
 20 2504405
 587 233 220
 30
 1 75 0 65 0 95 1 7
 2 66 1 68 0 80 1 5
 3 108 1 52 1 24 1 6
 4 98 1 21 1 35 0 8
 5 82 1 35 0 57 1 5
 6 73 0 36 1 51 0 4
 7 106 1 23 0 40 0 7
 8 67 1 41 1 83 1 5
 9 43 0 33 0 61 1 3
 10 99 0 48 0 81 1 1
 11 88 1 41 0 71 0 3
 12 54 0 39 1 71 1 4
 13 96 1 31 1 42 1 3
 14 107 0 52 0 71 1 3
 15 75 0 19 0 30 1 2
 16 76 1 71 0 74 0 3
 17 67 0 57 1 67 1 3
 18 89 1 40 0 61 0 4
 19 68 1 59 1 74 1 6
 20 114 1 53 0 64 0 5
 21 62 1 59 0 23 0 5
 22 115 0 26 1 45 1 4
 23 116 1 70 1 27 1 3
 24 86 0 39 1 64 1 2
 25 90 0 45 1 45 1 4
 26 89 1 46 0 50 0 8
 27 56 0 45 0 75 1 4
 28 120 0 32 0 53 1 4
 29 100 1 59 0 27 0 8
 30 61 0 41 1 74 1 16
 21 2504505
 587 233 220
 30
 1 90 0 71 0 109 1 3
 2 94 1 70 1 33 0 4
 3 121 1 35 1 44 0 3
 4 75 1 60 1 93 1 2
 5 122 1 91 0 32 0 2
 6 101 0 38 1 62 0 4
 7 74 0 52 1 24 1 2
 8 103 0 86 1 26 0 4
 9 101 0 46 0 45 1 3
 10 102 0 31 1 50 0 6
 11 41 1 34 0 57 1 2
 12 74 0 68 1 28 1 5
 13 57 0 47 1 60 0 5
 14 76 1 56 0 26 0 1
 15 70 1 54 1 74 1 6
 16 42 1 40 0 58 1 4
 17 78 1 33 1 49 0 3
 18 90 1 42 1 55 1 2
 19 37 0 31 1 40 1 1
 20 122 1 47 0 77 1 1
 21 70 0 68 1 96 1 2
 22 73 1 59 0 99 1 4
 23 121 1 35 1 70 1 5
 24 70 0 33 1 42 0 6
 25 101 0 85 1 36 0 7
 26 86 1 79 1 100 1 4
 27 67 1 52 0 67 0 0
 28 60 1 56 0 82 1 5
 29 117 1 29 1 42 1 2
 30 75 1 62 1 84 1 12
 22 2504605
 587 233 220
 30
 1 78 1 48 0 90 1 2
 2 66 1 48 0 77 1 2
 3 93 0 38 0 63 1 3
 4 62 1 42 0 66 1 3
 5 93 1 74 0 104 1 5
 6 73 0 61 0 78 1 4
 7 58 1 27 0 36 1 2
 8 74 1 31 0 30 0 4
 9 66 1 66 0 33 0 1
 10 78 1 22 1 41 1 2
 11 106 1 54 1 71 1 4
 12 103 0 45 1 78 1 4
 13 77 1 62 1 97 1 0
 14 45 0 41 1 77 0 6
 15 71 1 28 0 35 1 5
 16 98 1 91 0 45 1 5
 17 58 0 43 1 82 1 7
 18 55 1 53 0 80 1 4
 19 74 1 63 1 103 1 3
 20 36 1 33 0 37 0 3
 21 51 1 50 0 72 0 4
 22 97 0 98 0 39 1 4
 23 45 1 40 1 69 0 2
 24 52 0 44 0 65 1 3
 25 67 0 58 1 26 0 7
 26 67 1 53 0 80 0 5
 27 56 1 49 1 23 1 3
 28 65 0 47 1 70 1 5
 29 72 1 35 1 57 1 3
 30 101 0 44 0 55 1 21
 23 2504705
 587 233 220
 30
 1 88 1 79 0 24 0 2
 2 72 0 64 1 118 0 2
 3 80 0 24 0 50 1 1
 4 36 0 23 1 42 0 8
 5 98 1 101 1 44 1 2
 6 91 1 24 1 44 0 7
 7 87 1 69 0 28 0 3
 8 54 1 50 0 54 0 3
 9 89 0 76 1 115 0 7
 10 46 0 40 1 57 1 3
 11 75 1 72 0 28 0 2
 12 92 1 40 1 62 0 1
 13 88 1 55 1 21 0 3
 14 106 0 29 1 45 1 1
 15 66 1 66 1 103 0 4
 16 70 0 64 1 33 1 5
 17 82 0 28 0 36 1 3
 18 32 0 30 0 43 1 5
 19 66 0 50 1 90 1 4
 20 88 0 41 1 63 0 7
 21 79 1 81 1 32 0 3
 22 101 0 40 0 68 1 1
 23 53 1 45 1 73 0 2
 24 39 1 33 0 47 0 5
 25 80 1 59 1 112 1 5
 26 83 1 22 1 42 1 6
 27 42 0 42 1 45 1 5
 28 105 0 76 1 31 0 2
 29 43 0 42 1 63 1 9
 30 112 1 47 0 83 0 15
 24 2504805
 587 233 220
 30
 1 116 0 82 0 30 1 5
 2 62 0 65 1 102 0 3
 3 59 1 45 1 57 0 4
 4 94 0 64 1 99 0 3
 5 104 1 89 0 22 0 2
 6 110 1 32 0 50 0 2
 7 81 1 31 1 53 1 2
 8 68 1 40 1 72 0 5
 9 87 1 78 1 34 0 5
 10 102 1 57 1 28 0 0
 11 95 1 42 1 51 1 3
 12 81 1 74 1 104 0 2
 13 100 1 84 0 38 0 5
 14 76 1 76 0 100 0 2
 15 79 0 65 1 27 1 5
 16 79 1 38 0 37 0 2
 17 125 1 58 1 91 0 0
 18 74 0 40 0 73 1 3
 19 40 1 24 0 43 1 7
 20 70 0 46 1 22 0 5
 21 88 0 38 1 75 0 5
 22 95 0 78 0 33 1 1
 23 63 1 56 1 68 0 5
 24 70 1 48 1 98 1 2
 25 66 1 47 1 78 0 5
 26 73 0 58 1 86 0 9
 27 38 0 34 1 60 1 4
 28 69 1 54 1 85 1 1
 29 77 1 53 1 92 1 1
 30 44 0 34 0 49 1 84
 25 2504905
 587 233 220
 30
 1 75 1 35 1 52 0 6
 2 102 1 50 0 63 1 5
 3 70 0 40 0 74 1 2
 4 74 1 46 1 80 0 5
 5 80 1 60 0 27 0 4
 6 70 0 48 0 80 1 7
 7 111 1 84 1 31 0 2
 8 94 0 89 1 26 0 3
 9 51 1 45 1 64 1 4
 10 65 0 61 1 66 1 3
 11 118 0 35 0 58 1 5
 12 104 1 33 0 35 0 4
 13 116 1 47 0 57 0 3
 14 62 0 41 0 69 1 4
 15 63 1 58 1 65 1 3
 16 88 1 64 1 96 0 3
 17 112 1 96 0 23 0 6
 18 115 0 33 1 48 1 2
 19 79 0 60 0 97 1 2
 20 54 0 44 1 59 1 4
 21 70 0 56 0 96 1 2
 22 90 0 61 1 108 1 5
 23 76 1 62 0 72 1 5
 24 49 1 43 1 76 0 4
 25 36 0 36 0 56 1 3
 26 72 1 58 1 27 1 6
 27 97 0 21 1 32 0 1
 28 89 1 36 0 76 0 2
 29 64 0 33 1 58 0 5
 30 47 1 24 1 39 1 86
 26 2505005
 587 233 220
 30
 1 85 0 41 1 72 0 8
 2 61 0 56 1 76 0 6
 3 97 1 85 1 28 0 4
 4 61 1 23 0 41 1 6
 5 70 0 31 1 37 0 5
 6 53 0 38 1 61 0 6
 7 92 1 69 1 35 0 3
 8 107 0 72 1 30 1 5
 9 69 0 53 1 101 0 3
 10 69 1 32 1 33 0 4
 11 77 1 55 1 86 1 3
 12 47 0 41 0 49 1 6
 13 83 0 40 1 69 0 10
 14 103 0 44 0 48 1 3
 15 56 0 24 0 44 1 3
 16 60 1 48 1 61 1 4
 17 107 0 50 0 101 1 1
 18 102 0 64 1 26 1 6
 19 68 1 28 0 40 1 11
 20 64 1 39 1 65 0 3
 21 102 0 26 1 40 1 3
 22 91 1 52 1 27 1 1
 23 71 1 70 1 21 0 4
 24 62 0 49 1 78 1 6
 25 101 1 95 0 45 1 3
 26 68 0 30 1 58 0 5
 27 117 0 88 1 38 0 6
 28 98 1 91 1 31 0 5
 29 73 0 26 0 43 1 4
 30 56 1 33 0 59 1 39
 27 2505105
 587 233 220
 30
 1 124 1 48 1 63 0 3
 2 96 1 55 1 24 0 3
 3 84 1 47 1 90 0 2
 4 107 0 40 0 63 1 7
 5 72 0 34 1 61 1 6
 6 80 1 62 1 119 0 3
 7 38 1 28 0 35 1 4
 8 48 0 38 1 56 1 7
 9 69 0 23 0 39 1 2
 10 75 1 62 0 89 1 4
 11 77 0 33 1 59 1 5
 12 69 1 56 1 69 1 2
 13 59 1 25 0 44 0 8
 14 91 1 35 1 64 0 1
 15 113 1 52 0 63 1 4
 16 34 0 33 0 35 1 5
 17 99 0 77 1 101 1 4
 18 100 1 66 1 20 0 5
 19 77 0 40 0 61 1 6
 20 97 1 66 1 29 1 4
 21 109 1 56 0 19 0 6
 22 87 0 55 1 92 0 0
 23 81 0 71 0 33 1 5
 24 47 0 42 0 53 1 4
 25 84 1 35 1 53 1 6
 26 77 0 33 1 61 0 1
 27 79 1 62 0 110 0 7
 28 63 0 28 1 52 0 4
 29 75 0 55 0 80 1 2
 30 79 0 26 1 27 1 61
 28 2505205
 587 233 220
 30
 1 58 0 55 1 62 1 4
 2 50 0 51 1 54 1 4
 3 71 1 63 0 101 1 4
 4 96 1 45 0 73 1 2
 5 52 1 36 0 51 0 5
 6 97 1 87 1 24 1 0
 7 92 0 40 1 40 1 1
 8 59 1 40 1 64 0 3
 9 31 1 26 1 40 0 1
 10 87 0 38 1 62 0 1
 11 92 1 33 1 48 0 7
 12 105 0 72 1 23 0 2
 13 73 0 41 1 82 1 4
 14 64 1 21 1 34 0 5
 15 102 0 98 1 43 1 3
 16 92 1 86 1 21 1 0
 17 97 0 29 1 48 0 2
 18 57 1 39 1 74 1 4
 19 94 0 54 1 102 0 8
 20 75 0 55 1 84 0 5
 21 90 0 62 1 114 0 2
 22 87 1 20 1 32 0 3
 23 90 0 41 1 73 1 4
 24 76 0 29 1 54 1 3
 25 102 0 78 1 24 1 1
 26 60 0 51 1 68 1 5
 27 78 1 64 0 109 1 4
 28 115 1 37 0 69 0 3
 29 98 0 44 1 67 0 4
 30 95 0 63 1 95 1 10
 29 2505305
 587 233 220
 30
 1 59 0 60 1 92 0 2
 2 82 1 54 1 96 0 6
 3 115 1 29 0 46 0 5
 4 82 0 25 0 48 1 3
 5 42 1 29 1 43 0 3
 6 47 1 32 1 57 0 6
 7 49 0 38 1 53 1 2
 8 88 0 83 1 24 1 2
 9 83 0 53 1 91 0 5
 10 92 1 71 0 116 0 2
 11 95 1 38 0 61 0 2
 12 77 1 39 0 41 1 4
 13 84 0 40 0 57 1 3
 14 94 1 42 0 65 0 4
 15 61 0 42 1 70 0 3
 16 59 0 56 1 70 1 2
 17 87 1 75 0 33 1 5
 18 87 1 69 1 93 0 5
 19 70 0 30 1 42 1 4
 20 73 0 66 1 83 1 1
 21 125 0 42 1 44 1 2
 22 66 1 45 0 83 0 5
 23 96 1 51 0 75 0 4
 24 58 1 48 0 83 1 5
 25 67 1 64 0 73 1 3
 26 98 1 40 0 57 1 4
 27 101 1 36 0 59 1 5
 28 88 1 31 1 42 1 5
 29 105 1 84 1 21 0 1
 30 108 1 93 1 34 0 14
 30 2505405
 587 233 220
 30
 1 67 1 34 1 51 1 1
 2 44 1 28 0 50 0 4
 3 31 1 32 1 51 1 5
 4 69 1 58 1 113 0 6
 5 66 0 31 1 44 0 6
 6 122 0 46 1 74 1 1
 7 110 0 39 1 58 1 7
 8 105 0 70 0 28 1 1
 9 74 1 54 1 77 1 4
 10 83 1 25 1 40 0 8
 11 69 1 53 0 83 0 2
 12 73 1 53 1 89 0 3
 13 78 0 77 1 102 0 4
 14 56 1 52 0 85 1 2
 15 98 1 37 0 53 0 1
 16 124 0 30 1 52 1 5
 17 74 0 39 1 41 0 5
 18 63 0 44 0 67 1 3
 19 77 1 39 0 69 0 2
 20 90 0 40 0 48 1 2
 21 76 1 28 0 36 0 4
 22 87 0 72 1 106 1 4
 23 73 1 60 1 111 1 3
 24 67 0 60 1 23 1 2
 25 65 0 33 1 50 1 2
 26 67 0 51 0 73 1 3
 27 95 1 47 1 56 0 1
 28 53 0 49 1 52 1 4
 29 109 0 33 0 60 1 1
 30 91 0 66 0 120 1 10
 31 2505505
 587 233 220
 30
 1 62 0 50 0 67 1 5
 2 56 1 48 1 81 0 3
 3 86 1 44 1 72 1 2
 4 83 0 41 0 49 1 5
 5 112 1 43 1 48 0 6
 6 95 1 33 1 63 1 4
 7 69 0 43 0 69 1 2
 8 120 0 48 0 57 1 2
 9 105 1 65 1 25 0 3
 10 74 0 34 0 52 1 5
 11 72 0 37 1 42 0 5
 12 104 1 70 0 28 1 5
 13 111 0 31 0 34 1 10
 14 117 0 39 0 64 1 6
 15 34 1 33 0 58 1 5
 16 90 0 77 1 39 0 4
 17 68 0 41 1 70 0 4
 18 86 1 31 1 57 1 4
 19 97 0 29 0 43 1 5
 20 96 0 59 0 30 1 6
 21 70 1 31 1 43 1 5
 22 80 0 41 1 47 0 3
 23 79 1 71 1 118 0 5
 24 55 0 56 1 60 1 4
 25 89 0 41 0 54 1 2
 26 41 0 42 1 44 1 4
 27 91 1 74 1 36 0 5
 28 69 0 57 1 106 0 5
 29 32 0 26 1 46 0 3
 30 84 0 38 0 40 1 36
 32 2505605
 587 233 220
 30
 1 96 1 43 0 77 1 5
 2 84 1 33 1 48 0 8
 3 74 1 30 0 52 0 6
 4 95 0 27 1 54 0 3
 5 108 0 49 1 81 1 3
 6 67 1 58 0 76 0 4
 7 78 1 35 1 46 1 4
 8 51 1 38 1 65 1 7
 9 47 0 39 1 70 0 7
 10 107 1 42 0 43 0 6
 11 112 1 52 0 90 1 1
 12 41 0 25 0 42 1 4
 13 45 1 40 1 68 1 5
 14 85 1 27 0 35 1 4
 15 104 1 97 1 28 0 5
 16 53 1 52 1 25 1 8
 17 47 0 37 0 66 1 8
 18 83 0 37 1 54 0 5
 19 69 1 57 0 19 0 12
 20 104 1 87 1 23 0 6
 21 55 0 49 0 59 1 5
 22 81 1 70 1 77 1 6
 23 78 0 79 1 37 0 4
 24 60 1 26 0 36 1 5
 25 43 0 27 1 47 1 4
 26 86 0 43 0 77 1 3
 27 102 0 93 1 37 0 3
 28 78 0 69 1 28 1 1
 29 59 0 44 0 74 1 4
 30 72 0 55 1 79 1 16
 33 2505705
 587 233 220
 30
 1 38 0 20 0 40 1 2
 2 76 1 33 0 46 0 2
 3 52 1 52 0 66 0 1
 4 80 0 69 0 119 1 5
 5 59 1 54 0 91 1 3
 6 88 1 20 0 36 0 4
 7 86 0 47 0 93 1 3
 8 85 1 68 1 25 1 2
 9 34 1 35 1 60 1 2
 10 73 1 52 1 80 0 5
 11 85 1 37 0 64 1 5
 12 53 0 43 1 73 0 4
 13 65 1 29 1 52 1 3
 14 71 1 54 1 81 0 4
 15 87 0 60 1 22 0 4
 16 112 0 70 1 27 0 6
 17 54 0 49 1 64 1 5
 18 51 1 46 1 80 1 1
 19 92 0 36 0 56 1 5
 20 107 1 47 0 76 1 2
 21 93 0 35 1 56 0 1
 22 119 0 77 1 32 0 5
 23 75 1 26 0 47 1 4
 24 61 0 59 1 100 0 6
 25 96 1 93 0 31 1 4
 26 49 1 40 0 56 1 1
 27 81 0 53 1 91 0 7
 28 50 1 42 0 79 1 3
 29 52 1 43 1 74 0 6
 30 66 0 41 1 76 1 23
 34 2505805
 587 233 220
 30
 1 71 0 26 1 36 0 4
 2 120 1 42 0 57 0 2
 3 73 0 69 1 35 0 4
 4 57 1 48 1 82 1 7
 5 89 1 32 0 55 0 3
 6 103 1 33 0 45 0 3
 7 53 1 48 1 92 0 3
 8 86 1 71 1 25 0 3
 9 88 1 74 0 98 0 5
 10 46 0 46 0 58 1 2
 11 57 1 55 0 22 1 5
 12 63 0 61 0 103 1 1
 13 71 1 65 1 82 0 4
 14 57 1 58 0 106 0 6
 15 81 1 62 0 94 1 4
 16 75 1 57 1 81 1 1
 17 49 1 35 1 53 1 0
 18 126 0 96 0 42 1 2
 19 97 1 35 1 43 0 3
 20 111 1 56 0 66 1 3
 21 60 0 48 0 77 1 5
 22 63 0 57 1 77 1 3
 23 80 0 35 0 55 1 3
 24 77 0 64 1 33 0 4
 25 82 1 62 1 21 0 3
 26 30 0 19 1 36 0 0
 27 74 0 73 1 78 0 4
 28 84 0 66 1 103 0 3
 29 88 0 61 1 24 0 5
 30 72 1 66 0 77 1 13
 35 2505905
 587 233 220
 30
 1 105 1 32 1 34 0 4
 2 86 1 40 0 67 0 4
 3 99 1 82 1 33 1 5
 4 38 0 31 0 57 1 6
 5 71 1 61 1 75 1 4
 6 70 0 45 1 72 1 0
 7 111 1 27 1 49 1 2
 8 107 1 43 0 57 1 4
 9 80 0 28 1 57 1 7
 10 102 1 64 1 20 1 6
 11 116 0 39 1 73 0 5
 12 76 1 41 1 79 1 2
 13 81 1 26 0 36 1 7
 14 78 1 33 1 43 1 4
 15 56 0 42 1 75 1 4
 16 51 0 42 1 51 0 6
 17 61 0 39 0 62 1 6
 18 75 1 72 1 33 0 2
 19 72 1 69 1 74 1 2
 20 33 0 30 0 40 1 3
 21 66 1 60 0 78 0 5
 22 94 1 73 0 26 1 6
 23 62 1 45 0 78 0 2
 24 66 0 62 1 67 0 2
 25 70 1 69 1 119 1 4
 26 114 1 54 0 78 1 6
 27 77 1 65 1 34 1 5
 28 90 1 70 1 28 0 6
 29 73 0 36 1 58 0 2
 30 94 1 45 1 64 0 18
 36 2506005
 587 233 220
 30
 1 39 0 26 0 43 1 5
 2 108 1 34 0 38 0 5
 3 75 1 55 1 93 0 0
 4 101 1 74 0 122 0 6
 5 64 1 46 0 64 1 1
 6 41 1 32 0 61 0 2
 7 71 1 36 0 55 1 2
 8 37 1 40 1 65 0 5
 9 108 1 43 1 68 1 5
 10 74 0 50 0 76 1 4
 11 91 1 57 1 93 1 3
 12 82 1 73 1 32 1 4
 13 60 1 55 1 100 1 3
 14 82 0 31 1 45 1 4
 15 95 1 74 0 118 1 4
 16 106 1 100 0 27 1 3
 17 60 0 30 1 33 1 3
 18 114 1 28 1 45 1 3
 19 36 0 29 1 47 1 2
 20 99 1 38 1 51 0 7
 21 72 0 37 0 41 1 3
 22 56 1 38 1 70 0 1
 23 75 1 52 0 76 0 5
 24 71 0 36 1 47 1 0
 25 58 1 58 1 77 0 5
 26 115 1 24 1 47 0 2
 27 54 1 53 1 74 0 2
 28 95 0 34 1 50 1 2
 29 80 1 26 0 48 0 2
 30 80 0 57 1 113 0 10
 37 2506105
 587 233 220
 30
 1 102 1 46 1 73 0 1
 2 62 1 37 1 57 1 2
 3 73 1 62 0 110 1 0
 4 76 1 53 1 90 0 2
 5 67 0 60 1 25 0 5
 6 74 1 58 1 106 0 6
 7 43 1 35 1 57 0 4
 8 83 0 58 0 22 1 6
 9 58 1 61 0 74 0 2
 10 85 0 25 0 38 1 2
 11 67 1 39 0 72 0 4
 12 104 0 93 1 47 0 4
 13 94 0 67 1 118 0 10
 14 77 1 56 0 99 0 3
 15 66 1 55 0 95 1 1
 16 73 0 71 1 75 1 5
 17 114 0 56 1 67 0 1
 18 93 0 60 0 22 1 1
 19 98 1 58 0 23 1 3
 20 78 1 45 1 80 0 2
 21 76 0 65 1 24 1 4
 22 74 0 72 1 19 0 1
 23 83 1 59 0 78 0 3
 24 69 1 71 0 30 0 0
 25 47 1 39 0 49 0 3
 26 99 0 57 1 109 1 2
 27 67 0 45 1 68 0 1
 28 95 0 66 1 32 0 1
 29 72 0 62 0 99 1 2
 30 54 1 31 0 51 1 50
 38 2506205
 587 233 220
 30
 1 107 1 48 1 97 1 4
 2 99 0 84 1 35 0 4
 3 119 1 34 0 43 1 1
 4 59 0 33 1 62 0 4
 5 63 0 47 0 68 1 6
 6 76 1 78 1 96 1 4
 7 55 1 54 0 88 1 3
 8 79 0 66 0 25 1 3
 9 45 1 41 1 76 1 1
 10 88 0 54 1 93 0 2
 11 59 1 25 0 39 0 1
 12 43 0 35 0 65 1 6
 13 60 1 24 0 40 1 4
 14 69 1 68 0 28 0 4
 15 76 1 60 0 95 0 5
 16 49 1 44 1 64 1 2
 17 111 1 74 1 27 1 1
 18 77 1 66 0 97 1 4
 19 65 1 64 1 91 0 6
 20 52 1 38 1 63 1 2
 21 87 0 65 0 103 1 1
 22 109 1 45 0 67 1 2
 23 77 1 69 1 92 0 3
 24 93 1 41 1 78 1 6
 25 93 1 33 0 38 0 4
 26 112 0 65 0 31 1 4
 27 62 1 30 0 33 0 2
 28 57 0 26 0 38 1 5
 29 100 1 40 0 74 0 5
 30 45 1 24 1 44 0 90
 39 2506305
 587 233 220
 30
 1 54 1 47 0 93 0 4
 2 37 1 35 1 53 0 10
 3 56 1 24 0 34 1 4
 4 76 0 33 1 41 1 5
 5 41 0 38 0 75 1 4
 6 41 1 29 0 52 0 6
 7 57 1 53 1 60 0 5
 8 102 1 43 0 55 1 2
 9 97 0 30 0 31 1 4
 10 95 1 64 1 29 1 8
 11 99 0 41 0 76 1 2
 12 78 1 44 1 78 1 5
 13 89 1 42 1 51 1 7
 14 79 1 38 0 53 1 4
 15 53 0 53 1 57 1 6
 16 109 0 102 1 45 1 3
 17 78 1 55 0 100 1 3
 18 75 1 36 0 51 1 1
 19 40 1 35 1 42 0 4
 20 59 1 46 1 59 1 8
 21 53 1 49 0 90 0 4
 22 66 1 52 1 78 1 4
 23 95 0 78 1 21 0 4
 24 75 0 74 1 75 0 5
 25 102 0 56 1 28 1 4
 26 103 1 38 1 60 1 7
 27 101 1 47 1 56 0 1
 28 111 1 43 1 45 0 9
 29 119 0 89 1 25 0 5
 30 54 1 41 1 60 0 29
 40 2506405
 587 233 220
 30
 1 76 0 59 0 87 1 2
 2 96 1 31 0 66 1 4
 3 75 0 46 1 87 0 2
 4 96 0 56 1 96 0 2
 5 73 1 74 0 29 1 2
 6 117 0 42 1 64 0 3
 7 75 0 58 1 111 0 2
 8 117 1 36 0 64 1 5
 9 56 1 50 1 95 0 1
 10 61 1 30 0 34 1 1
 11 74 0 57 1 94 0 2
 12 102 1 34 1 54 0 5
 13 56 1 51 1 67 1 5
 14 95 0 36 0 53 1 10
 15 87 1 31 1 52 0 4
 16 75 1 69 0 34 1 3
 17 97 0 80 1 22 0 3
 18 82 1 63 0 96 0 3
 19 80 1 77 1 100 1 3
 20 61 1 23 1 29 0 8
 21 96 0 88 0 31 1 3
 22 87 0 42 1 63 0 4
 23 103 1 78 1 30 1 3
 24 56 0 46 1 81 1 2
 25 84 0 80 1 109 0 5
 26 99 1 90 1 35 1 0
 27 66 1 49 0 90 1 6
 28 64 1 55 1 79 0 3
 29 38 1 32 0 56 0 2
 30 74 1 27 0 35 0 57
 41 2506505
 587 233 220
 30
 1 81 1 67 0 108 1 3
 2 87 1 33 1 45 1 0
 3 54 0 35 0 64 1 6
 4 74 1 33 0 64 1 4
 5 108 1 52 1 84 1 4
 6 88 1 60 1 29 0 4
 7 70 1 66 1 80 0 3
 8 78 0 45 1 23 1 2
 9 81 0 66 1 117 0 4
 10 90 0 32 0 36 1 3
 11 49 0 39 0 79 1 3
 12 51 1 45 0 69 0 2
 13 84 1 71 1 86 1 4
 14 99 1 64 0 23 0 1
 15 105 1 50 0 51 0 6
 16 42 1 43 1 82 0 3
 17 83 1 52 0 93 0 5
 18 56 1 46 0 62 1 2
 19 67 1 27 1 50 1 5
 20 74 1 44 1 92 1 5
 21 104 1 42 0 73 0 4
 22 64 1 59 0 125 0 2
 23 114 1 85 1 38 0 4
 24 76 0 42 1 80 0 2
 25 71 0 64 1 71 0 1
 26 70 1 59 0 96 1 2
 27 76 0 26 1 47 1 4
 28 60 0 26 1 47 1 4
 29 52 1 24 0 44 0 2
 30 89 0 31 1 59 0 30
 42 2506605
 587 233 220
 30
 1 78 0 49 1 79 0 5
 2 84 1 28 0 39 0 5
 3 55 0 46 1 68 1 2
 4 76 1 37 0 60 1 3
 5 104 0 85 0 29 1 2
 6 59 0 50 0 76 1 3
 7 91 1 36 1 68 1 3
 8 70 1 67 0 98 0 4
 9 76 1 68 1 79 1 3
 10 56 0 47 1 66 0 4
 11 116 1 29 0 61 0 3
 12 77 1 69 0 76 0 4
 13 101 0 29 1 49 1 0
 14 74 0 74 1 31 1 2
 15 94 1 44 1 80 1 1
 16 98 0 62 0 97 1 3
 17 84 0 76 0 86 1 6
 18 84 1 57 0 25 1 3
 19 34 1 28 0 56 0 6
 20 69 1 71 1 76 0 7
 21 72 0 61 1 109 0 2
 22 62 0 34 1 61 0 5
 23 83 0 36 1 48 1 1
 24 99 0 49 0 83 1 1
 25 59 1 37 1 63 0 8
 26 91 0 28 0 41 1 4
 27 47 0 40 1 66 0 4
 28 100 0 46 0 67 1 2
 29 66 1 51 1 74 0 3
 30 95 1 25 0 33 0 62
 43 2506705
 587 233 220
 30
 1 80 0 74 0 82 1 3
 2 65 1 28 0 37 1 4
 3 79 1 80 1 31 0 5
 4 99 1 38 0 58 1 3
 5 90 1 70 0 93 0 1
 6 87 0 80 1 31 1 2
 7 95 1 65 1 101 0 3
 8 86 0 40 1 50 1 2
 9 44 1 36 0 56 0 1
 10 112 1 35 0 52 1 4
 11 77 1 44 0 82 1 3
 12 106 1 88 1 23 1 3
 13 108 1 47 1 86 0 0
 14 56 1 49 1 93 1 1
 15 49 1 40 0 64 1 2
 16 69 0 48 1 69 1 3
 17 89 0 44 0 73 1 2
 18 76 1 37 0 48 1 1
 19 89 0 67 0 94 1 3
 20 83 0 30 1 53 1 6
 21 119 1 29 1 42 1 3
 22 57 0 57 0 94 1 2
 23 55 1 45 0 83 1 4
 24 80 1 85 0 21 0 2
 25 51 1 45 0 91 0 3
 26 73 1 71 0 83 1 5
 27 55 0 34 1 67 1 1
 28 76 1 66 1 79 1 6
 29 61 0 42 0 73 1 5
 30 94 0 66 1 113 0 11
 44 2506805
 587 233 220
 30
 1 116 1 67 1 25 0 5
 2 92 1 79 0 26 1 8
 3 93 1 91 1 38 1 4
 4 94 1 35 0 73 0 6
 5 92 1 44 0 81 1 7
 6 95 1 27 0 40 1 1
 7 66 1 31 1 57 1 3
 8 107 1 36 1 61 0 2
 9 98 1 40 1 50 0 6
 10 69 0 57 0 82 1 9
 11 61 1 58 1 100 1 5
 12 39 1 26 1 43 0 3
 13 42 1 38 0 65 1 4
 14 96 0 42 1 55 1 4
 15 88 0 34 0 41 1 2
 16 36 1 38 0 42 1 4
 17 72 1 66 1 99 0 7
 18 45 1 44 1 73 1 4
 19 43 0 42 1 67 1 5
 20 87 1 36 1 55 0 5
 21 57 1 23 1 36 1 9
 22 58 0 26 1 40 1 8
 23 67 0 54 0 85 1 5
 24 68 0 51 1 84 0 6
 25 41 0 37 1 49 1 1
 26 46 0 44 1 84 0 4
 27 29 1 25 1 43 1 2
 28 88 0 24 0 40 1 2
 29 84 1 78 1 28 1 4
 30 95 1 36 1 38 0 20
 45 2506905
 587 233 220
 30
 1 66 1 31 0 54 0 5
 2 120 1 22 1 45 1 1
 3 72 1 57 1 93 0 2
 4 76 1 41 0 77 0 5
 5 94 1 78 0 19 1 1
 6 62 1 44 0 66 0 3
 7 103 1 41 0 69 0 7
 8 79 0 21 1 36 0 9
 9 70 1 65 1 25 0 6
 10 53 0 42 0 69 1 8
 11 83 1 33 1 42 1 5
 12 74 1 39 1 58 1 3
 13 76 0 51 0 84 1 2
 14 116 0 71 1 30 0 4
 15 111 1 29 1 51 0 3
 16 94 1 92 1 21 0 2
 17 58 1 27 1 42 1 4
 18 113 1 93 1 36 1 5
 19 82 0 71 0 34 1 4
 20 92 1 73 1 97 0 3
 21 93 1 39 1 65 0 3
 22 56 1 54 1 75 0 3
 23 75 1 60 1 86 1 3
 24 90 0 48 1 25 1 2
 25 104 1 23 0 28 0 10
 26 83 0 75 0 96 1 5
 27 122 1 33 1 43 1 4
 28 92 0 90 0 43 1 3
 29 85 1 40 0 53 0 2
 30 73 0 48 0 85 1 17
 46 2507005
 587 233 220
 30
 1 82 0 35 0 60 1 5
 2 73 1 67 1 23 0 0
 3 112 0 57 1 79 0 2
 4 61 1 60 0 100 1 2
 5 67 1 57 1 95 0 5
 6 58 1 26 1 37 0 3
 7 74 1 47 1 75 0 4
 8 68 0 54 1 94 1 2
 9 117 1 91 1 22 0 6
 10 76 1 70 0 110 0 4
 11 99 1 36 1 64 1 2
 12 110 1 49 0 74 1 3
 13 40 0 35 1 63 1 5
 14 76 1 45 1 86 1 3
 15 97 1 89 1 27 0 2
 16 64 0 61 1 69 0 4
 17 69 1 32 0 55 0 0
 18 70 0 64 1 30 0 3
 19 97 1 56 0 26 1 2
 20 100 1 76 0 38 1 2
 21 45 0 47 1 46 1 1
 22 106 1 53 1 19 0 5
 23 82 0 69 0 24 1 5
 24 88 1 35 0 56 0 5
 25 78 1 64 1 95 0 3
 26 64 0 53 1 79 1 5
 27 99 1 64 0 108 1 3
 28 67 1 64 1 102 0 4
 29 95 1 51 0 25 0 2
 30 65 0 43 1 84 0 22
 47 2507105
 587 233 220
 30
 1 115 1 44 1 53 1 4
 2 116 1 96 0 19 1 3
 3 117 1 36 1 39 1 5
 4 77 0 39 0 39 1 4
 5 97 1 35 0 55 0 4
 6 97 0 52 1 70 1 2
 7 78 0 38 0 60 1 2
 8 50 1 43 1 75 1 7
 9 82 1 39 1 75 0 4
 10 74 0 43 1 85 1 9
 11 68 1 49 1 80 1 2
 12 61 0 27 1 47 1 7
 13 75 1 53 0 84 1 5
 14 62 0 47 1 97 1 4
 15 75 0 46 1 21 1 5
 16 39 0 32 1 55 0 5
 17 39 1 33 0 47 1 3
 18 112 1 25 1 39 1 3
 19 58 1 33 1 65 0 1
 20 64 1 61 1 114 1 2
 21 82 1 30 1 51 1 3
 22 48 0 45 0 56 1 6
 23 86 1 77 1 33 0 4
 24 97 1 89 1 28 1 4
 25 80 0 63 1 121 1 4
 26 74 0 23 1 37 1 4
 27 111 0 89 1 22 1 1
 28 126 1 24 0 30 1 1
 29 74 1 67 0 101 0 6
 30 75 0 74 1 82 0 12
 48 2507205
 587 233 220
 30
 1 51 0 48 1 59 1 2
 2 62 1 44 0 83 1 1
 3 96 1 38 1 56 0 4
 4 91 0 45 1 78 1 4
 5 69 1 28 0 44 1 2
 6 75 0 69 0 91 1 2
 7 77 0 68 1 87 0 4
 8 92 1 36 1 62 1 6
 9 56 1 48 0 59 1 3
 10 93 1 41 1 77 1 3
 11 95 0 43 0 63 1 3
 12 76 0 43 0 74 1 5
 13 97 1 37 0 70 0 4
 14 112 1 47 1 67 1 2
 15 82 0 52 0 86 1 3
 16 88 1 82 0 42 0 2
 17 38 1 40 1 67 0 5
 18 78 1 61 0 88 1 3
 19 84 1 69 1 34 1 3
 20 122 1 22 0 44 1 6
 21 70 0 32 0 63 1 4
 22 72 0 49 0 90 1 2
 23 87 1 90 1 41 0 1
 24 73 1 59 0 96 0 7
 25 67 1 55 0 81 1 2
 26 67 0 53 1 87 1 3
 27 101 1 42 1 80 0 4
 28 84 1 39 1 44 1 6
 29 118 0 39 1 82 0 1
 30 69 0 46 0 91 1 17
 49 2507305
 587 233 220
 30
 1 87 0 45 0 56 1 5
 2 74 1 70 1 103 0 4
 3 82 1 46 1 76 0 3
 4 74 1 58 0 108 0 4
 5 39 1 30 0 50 1 3
 6 37 1 27 0 43 0 3
 7 78 0 55 1 78 0 4
 8 119 0 82 1 19 0 4
 9 98 1 47 0 72 0 3
 10 107 0 97 1 48 0 3
 11 106 0 21 0 43 1 5
 12 81 1 62 1 104 0 5
 13 108 1 73 1 23 0 3
 14 73 0 36 1 41 0 0
 15 75 0 32 1 48 1 3
 16 57 0 62 0 24 1 2
 17 35 0 32 1 45 0 3
 18 76 1 55 0 104 1 4
 19 94 1 40 1 46 1 1
 20 32 1 27 1 44 0 4
 21 63 0 57 1 64 0 5
 22 40 0 33 1 48 1 1
 23 89 0 54 1 95 1 3
 24 96 1 34 1 60 1 4
 25 43 0 43 1 59 1 2
 26 65 1 53 0 27 1 5
 27 70 0 59 1 102 0 5
 28 55 1 46 0 64 1 5
 29 88 0 29 0 34 1 6
 30 81 1 66 0 106 0 9
 50 2507405
 587 233 220
 30
 1 41 0 31 1 57 0 2
 2 77 0 56 1 99 0 2
 3 61 0 38 0 57 1 3
 4 82 1 40 0 55 0 4
 5 116 1 24 1 35 1 6
 6 108 1 44 0 60 0 4
 7 110 0 89 1 20 0 7
 8 99 1 43 0 67 1 8
 9 68 0 26 0 35 1 6
 10 72 0 19 0 31 1 4
 11 78 0 40 1 60 0 5
 12 93 1 46 1 78 0 3
 13 33 0 31 1 38 0 1
 14 85 0 41 0 20 1 4
 15 87 1 72 0 101 0 2
 16 115 0 74 0 36 1 2
 17 117 1 48 0 61 0 3
 18 69 0 28 1 52 1 2
 19 75 1 60 1 25 1 6
 20 86 1 40 1 65 0 5
 21 93 0 37 1 75 1 5
 22 64 0 43 1 68 1 5
 23 91 1 57 0 110 0 7
 24 92 0 45 1 68 1 3
 25 101 0 34 0 45 1 3
 26 58 1 56 0 27 1 2
 27 97 1 59 1 21 1 6
 28 107 1 54 1 21 0 5
 29 45 1 41 1 57 0 1
 30 114 1 54 0 61 0 15
 51 2507505
 587 233 220
 30
 1 62 0 36 0 65 1 3
 2 75 0 47 0 94 1 2
 3 60 1 45 0 70 0 2
 4 54 1 19 1 37 0 2
 5 114 1 36 0 64 0 6
 6 81 0 59 0 25 1 7
 7 91 1 71 1 23 0 8
 8 49 0 41 1 68 0 4
 9 96 1 32 0 43 1 6
 10 42 1 35 0 56 0 2
 11 55 1 52 1 79 1 1
 12 80 1 31 0 33 1 7
 13 57 1 51 1 68 1 6
 14 68 0 64 0 100 1 9
 15 65 0 44 1 85 0 4
 16 84 0 58 1 85 0 5
 17 108 1 30 1 49 1 7
 18 78 0 59 0 96 1 2
 19 59 0 24 1 32 0 4
 20 74 0 32 1 47 1 3
 21 81 0 53 0 80 1 4
 22 103 1 32 0 42 1 5
 23 87 0 71 0 120 1 3
 24 103 1 25 1 38 0 3
 25 58 1 22 0 34 1 4
 26 76 1 34 1 57 0 4
 27 85 0 38 1 46 1 7
 28 62 0 42 1 75 0 4
 29 58 1 52 1 105 1 3
 30 54 1 23 1 41 1 75
 52 2507605
 587 233 220
 30
 1 95 1 72 1 31 1 3
 2 75 1 48 0 75 1 5
 3 82 0 21 1 26 1 2
 4 94 1 62 1 118 1 3
 5 103 1 41 0 41 1 6
 6 51 1 46 0 76 0 3
 7 28 1 24 0 36 1 6
 8 84 1 37 1 56 1 1
 9 84 0 56 1 87 0 4
 10 100 1 46 1 25 0 1
 11 114 1 67 1 26 0 2
 12 106 0 42 1 49 0 3
 13 73 0 62 1 27 0 3
 14 52 0 37 1 69 0 3
 15 60 1 61 0 84 0 8
 16 54 1 44 0 59 1 1
 17 55 0 56 0 98 1 3
 18 47 1 40 0 58 1 4
 19 91 1 37 1 53 1 4
 20 52 1 53 1 56 1 1
 21 85 1 60 0 84 0 1
 22 45 1 41 0 64 0 1
 23 91 1 82 1 34 0 7
 24 87 1 75 1 95 0 3
 25 99 0 75 0 118 1 4
 26 53 1 45 1 68 1 4
 27 84 0 35 1 61 0 1
 28 60 0 44 1 66 0 7
 29 68 0 63 1 72 1 3
 30 54 0 49 1 59 1 32
 53 2507705
 587 233 220
 30
 1 82 1 28 0 38 1 4
 2 93 1 70 0 24 1 4
 3 89 0 83 1 41 1 10
 4 81 1 41 0 73 1 7
 5 93 0 44 1 75 1 5
 6 88 0 69 0 118 1 2
 7 94 1 25 0 36 1 3
 8 79 1 77 0 109 1 3
 9 74 1 53 0 71 1 4
 10 59 0 53 1 61 0 4
 11 89 1 26 1 45 0 4
 12 52 0 45 1 65 1 5
 13 83 0 65 0 27 1 3
 14 86 1 35 1 38 0 7
 15 45 1 43 0 54 1 2
 16 119 1 30 1 32 0 3
 17 91 0 60 1 26 0 2
 18 86 1 48 0 94 1 3
 19 76 1 65 0 84 0 2
 20 73 0 35 1 58 0 2
 21 91 0 41 0 47 1 4
 22 84 1 27 0 41 0 3
 23 95 1 26 1 41 1 6
 24 106 0 43 1 67 1 0
 25 74 0 60 1 87 0 5
 26 95 1 39 0 44 0 6
 27 79 0 77 1 96 0 4
 28 103 1 76 1 21 0 4
 29 74 0 21 1 40 1 3
 30 66 1 29 1 43 1 49
 54 2507805
 587 233 220
 30
 1 97 1 71 1 23 1 7
 2 55 0 41 1 68 0 7
 3 67 0 60 1 104 0 5
 4 59 1 55 0 21 1 4
 5 57 1 46 1 82 1 5
 6 89 0 24 0 33 1 4
 7 56 1 27 0 44 1 7
 8 92 1 33 0 62 1 4
 9 102 1 29 0 56 1 4
 10 119 1 63 0 29 0 4
 11 62 0 44 1 62 1 4
 12 78 0 63 1 21 1 5
 13 94 0 90 1 45 1 7
 14 92 0 56 1 26 1 4
 15 114 1 49 1 82 1 5
 16 79 1 76 0 84 0 5
 17 65 1 51 0 82 1 5
 18 70 0 35 0 43 1 1
 19 41 1 31 1 54 1 4
 20 97 0 40 1 64 0 1
 21 96 1 69 1 28 1 2
 22 121 1 38 0 56 0 3
 23 89 1 37 1 50 1 2
 24 101 1 55 1 72 1 6
 25 48 1 38 1 78 1 2
 26 65 1 40 1 73 1 2
 27 84 1 39 0 70 1 3
 28 84 1 40 1 65 0 4
 29 88 0 86 1 34 1 2
 30 80 1 38 1 61 1 19
 55 2507905
 587 233 220
 30
 1 99 1 96 0 29 0 2
 2 78 0 68 1 85 0 6
 3 114 0 48 0 22 1 6
 4 120 1 37 1 63 0 4
 5 70 0 30 0 48 1 5
 6 58 0 38 0 56 1 5
 7 113 0 30 0 57 1 2
 8 51 1 38 1 54 0 4
 9 44 1 44 1 67 1 5
 10 70 0 58 1 87 1 7
 11 83 1 35 1 59 1 5
 12 109 1 75 0 37 0 3
 13 59 1 57 1 104 1 6
 14 72 1 30 0 61 0 5
 15 96 1 43 0 44 0 5
 16 52 1 54 0 62 1 6
 17 83 1 66 1 19 0 8
 18 39 0 38 1 73 0 6
 19 91 1 72 1 29 0 2
 20 70 0 58 0 75 1 2
 21 109 1 69 0 27 1 6
 22 58 0 20 0 34 1 7
 23 89 0 46 1 59 0 5
 24 102 0 35 1 48 0 6
 25 90 1 38 1 61 1 3
 26 39 0 36 1 42 0 4
 27 69 1 57 1 77 0 4
 28 91 1 35 1 62 0 1
 29 91 1 46 1 55 1 4
 30 97 0 35 1 36 0 33
 56 2508005
 587 233 220
 30
 1 91 1 36 1 39 1 4
 2 67 0 28 1 34 0 8
 3 32 1 31 1 40 0 9
 4 95 1 93 0 46 1 6
 5 60 0 54 1 71 1 2
 6 56 1 21 1 29 1 3
 7 76 1 62 1 32 1 3
 8 77 0 34 0 54 1 3
 9 62 1 32 0 33 1 4
 10 77 0 31 1 56 0 3
 11 97 1 72 1 28 1 4
 12 53 1 46 0 89 1 2
 13 96 1 76 0 32 0 1
 14 125 1 62 1 76 0 3
 15 73 1 44 1 80 0 4
 16 115 1 26 1 49 1 1
 17 70 1 50 0 73 1 5
 18 110 1 87 1 34 1 3
 19 64 1 61 1 96 1 3
 20 78 1 62 0 22 0 4
 21 112 0 55 0 57 1 1
 22 99 0 35 1 49 0 5
 23 68 1 54 1 90 0 3
 24 97 0 80 1 107 0 5
 25 51 0 30 1 56 1 1
 26 79 0 74 1 33 0 6
 27 66 1 60 1 73 1 6
 28 98 1 92 1 21 1 3
 29 98 1 60 0 101 0 2
 30 115 1 67 0 29 1 21
 57 2508105
 587 233 220
 30
 1 89 0 39 1 70 0 3
 2 61 0 52 1 75 1 1
 3 88 0 41 1 64 0 3
 4 75 1 64 1 23 0 4
 5 56 1 46 0 55 1 3
 6 93 0 44 1 71 1 3
 7 77 1 34 0 36 0 1
 8 83 0 79 1 98 1 1
 9 90 0 77 1 94 0 5
 10 90 0 64 0 114 1 4
 11 70 1 30 0 44 0 2
 12 82 1 73 1 96 1 3
 13 49 0 33 1 53 1 2
 14 56 1 48 1 88 0 1
 15 39 1 37 0 50 0 7
 16 77 1 73 0 34 0 4
 17 77 0 65 1 78 0 3
 18 65 0 60 1 28 1 0
 19 44 0 33 1 52 0 3
 20 47 0 44 1 87 1 5
 21 121 0 93 1 37 1 1
 22 76 0 32 1 39 1 4
 23 78 0 67 1 96 1 2
 24 107 1 50 1 76 1 6
 25 111 1 76 0 37 0 4
 26 125 0 50 1 53 1 3
 27 59 1 34 0 58 1 3
 28 40 0 33 1 59 0 3
 29 73 1 72 1 118 1 2
 30 103 1 33 1 39 1 44
 58 2508205
 587 233 220
 30
 1 104 1 44 1 77 1 5
 2 85 0 64 1 121 0 5
 3 75 1 49 0 22 1 6
 4 58 1 34 0 62 1 2
 5 62 1 45 1 21 1 1
 6 70 1 67 0 81 0 3
 7 88 1 80 1 36 1 6
 8 93 0 64 1 120 0 3
 9 79 1 33 1 54 1 0
 10 97 0 83 1 39 0 2
 11 48 1 47 0 65 1 3
 12 111 0 25 0 37 1 3
 13 61 0 51 1 92 0 5
 14 56 1 26 1 31 0 4
 15 82 0 33 1 34 0 2
 16 49 0 49 1 80 0 6
 17 59 0 44 1 78 1 2
 18 103 1 20 1 30 0 4
 19 86 0 83 1 94 1 4
 20 98 1 65 0 27 0 4
 21 81 1 33 1 43 0 7
 22 75 1 29 0 40 0 3
 23 86 1 71 1 90 0 5
 24 109 0 62 1 22 1 3
 25 67 0 68 1 28 1 1
 26 117 1 21 1 26 0 3
 27 55 0 47 1 53 0 2
 28 120 0 41 0 60 1 0
 29 34 1 21 1 39 0 5
 30 100 1 45 1 69 0 19
 59 2508305
 587 233 220
 30
 1 50 0 47 1 75 0 6
 2 65 1 31 1 58 1 6
 3 55 0 42 1 62 1 4
 4 99 1 35 1 47 0 4
 5 60 1 36 1 66 0 4
 6 102 0 32 0 38 1 6
 7 90 1 39 1 52 0 2
 8 44 1 37 0 50 1 4
 9 105 1 49 1 68 1 6
 10 66 1 28 1 48 1 3
 11 87 1 59 0 109 1 2
 12 45 1 41 1 50 1 3
 13 68 1 50 1 79 1 1
 14 79 1 74 0 108 1 4
 15 102 1 27 1 41 1 5
 16 97 0 67 1 101 1 3
 17 73 1 51 0 87 0 5
 18 74 1 56 0 77 1 7
 19 54 0 38 0 59 1 5
 20 97 1 83 0 31 0 5
 21 57 0 38 1 75 0 4
 22 106 0 65 0 27 1 5
 23 95 0 91 0 20 1 6
 24 114 0 43 1 57 1 3
 25 92 1 32 1 57 1 4
 26 112 0 52 0 72 1 3
 27 75 0 34 1 48 1 1
 28 83 1 48 1 84 1 3
 29 88 0 34 0 46 1 3
 30 88 1 41 1 61 1 15
 60 2508405
 587 233 220
 30
 1 75 1 56 0 78 0 5
 2 56 0 60 1 102 1 3
 3 67 1 36 0 70 1 4
 4 89 1 65 1 27 0 7
 5 118 0 36 1 69 0 3
 6 99 1 39 0 59 1 2
 7 111 0 105 0 39 1 9
 8 53 1 32 1 67 1 5
 9 68 1 56 1 77 1 8
 10 107 1 36 1 39 0 6
 11 80 0 77 0 29 1 4
 12 59 0 61 0 80 1 4
 13 94 1 84 0 23 1 4
 14 67 1 51 0 77 1 2
 15 85 0 81 1 25 1 2
 16 77 1 49 0 72 0 4
 17 86 1 38 1 43 0 2
 18 68 1 51 1 95 1 2
 19 70 1 30 1 34 0 4
 20 110 0 56 0 66 1 5
 21 41 1 32 1 45 1 4
 22 52 1 24 0 33 0 4
 23 101 0 98 1 32 1 2
 24 110 1 29 0 29 0 4
 25 81 1 47 1 88 0 2
 26 111 1 24 1 43 1 3
 27 104 1 32 1 43 1 5
 28 49 0 39 0 56 1 3
 29 53 0 50 0 55 1 4
 30 80 1 76 0 81 0 9
 61 2508505
 587 233 220
 30
 1 70 0 62 1 111 0 0
 2 60 0 53 1 87 0 3
 3 99 0 87 0 23 1 3
 4 76 1 39 0 64 1 1
 5 72 0 73 0 108 1 1
 6 73 1 54 0 80 1 2
 7 72 1 34 1 41 0 0
 8 82 1 71 0 80 1 4
 9 38 0 19 1 36 0 7
 10 73 0 41 1 78 0 4
 11 49 0 33 1 55 0 2
 12 77 0 67 1 108 1 4
 13 104 1 41 1 45 1 2
 14 101 0 48 1 52 1 2
 15 80 0 40 0 60 1 4
 16 45 1 37 0 48 0 5
 17 95 1 35 1 70 0 3
 18 95 0 48 0 63 1 4
 19 93 0 67 1 96 0 4
 20 119 1 55 0 73 0 0
 21 60 0 53 1 24 0 2
 22 84 1 62 1 99 0 4
 23 110 0 100 0 41 1 2
 24 87 1 60 1 116 0 3
 25 48 1 36 0 65 0 3
 26 95 1 56 1 107 0 1
 27 85 1 36 0 51 0 4
 28 65 0 61 1 105 0 2
 29 65 0 59 0 101 1 6
 30 82 1 48 0 84 1 18
 62 2508605
 587 233 220
 30
 1 66 0 52 1 73 0 3
 2 99 1 35 0 53 1 6
 3 94 1 43 0 78 1 6
 4 98 0 47 1 57 0 5
 5 76 1 48 1 99 0 3
 6 44 0 45 0 67 1 3
 7 44 0 35 1 43 0 6
 8 91 0 60 1 102 0 2
 9 97 1 27 1 38 0 4
 10 44 1 41 0 49 1 7
 11 120 1 52 1 69 0 2
 12 82 0 30 1 47 0 4
 13 81 1 30 0 56 0 3
 14 104 0 37 1 71 1 7
 15 75 1 43 0 76 1 3
 16 107 1 93 1 21 0 4
 17 122 1 99 0 38 0 4
 18 73 0 57 1 92 1 0
 19 57 1 48 1 62 0 1
 20 124 1 34 1 37 0 3
 21 66 1 58 0 98 1 5
 22 95 0 28 0 30 1 3
 23 94 0 30 1 48 1 5
 24 117 1 76 1 33 0 4
 25 102 1 59 1 26 0 7
 26 102 0 59 1 31 0 4
 27 81 0 71 1 31 1 0
 28 71 0 70 0 79 1 4
 29 75 0 66 0 74 1 3
 30 103 1 77 1 19 0 32
 63 2508705
 587 233 220
 30
 1 76 1 58 0 85 1 2
 2 49 1 53 0 57 1 2
 3 69 0 59 1 102 1 2
 4 71 0 28 1 37 0 5
 5 87 0 76 1 27 0 1
 6 85 1 63 0 111 1 4
 7 86 0 43 1 54 1 2
 8 36 0 33 0 48 1 3
 9 58 1 53 1 91 1 5
 10 80 0 57 0 97 1 6
 11 89 1 68 0 89 1 1
 12 93 0 46 1 84 1 1
 13 46 1 39 1 75 0 4
 14 77 0 24 1 45 0 2
 15 116 1 36 1 68 1 5
 16 67 0 68 1 70 1 5
 17 111 0 67 0 26 1 4
 18 44 0 41 0 53 1 5
 19 118 0 86 1 22 0 2
 20 91 1 37 1 61 0 6
 21 49 1 48 1 67 1 5
 22 63 1 54 0 94 0 3
 23 98 1 42 0 58 1 0
 24 114 1 53 0 62 0 5
 25 63 1 44 1 78 0 3
 26 97 1 35 0 64 1 3
 27 125 0 65 0 30 1 7
 28 77 1 40 0 39 1 2
 29 83 1 25 0 39 1 2
 30 112 1 56 1 71 1 13
 64 2508805
 587 233 220
 30
 1 114 1 56 1 20 0 5
 2 91 1 50 1 94 1 3
 3 120 0 26 0 42 1 3
 4 91 1 43 0 68 0 4
 5 80 0 65 1 81 0 1
 6 100 0 81 1 29 0 3
 7 54 0 47 1 58 1 4
 8 54 1 32 0 57 1 1
 9 75 1 68 1 111 0 3
 10 69 0 50 1 66 1 0
 11 64 1 22 0 30 1 5
 12 107 0 65 1 30 0 5
 13 77 0 58 1 27 1 7
 14 97 0 41 1 71 0 11
 15 72 1 67 0 90 0 3
 16 42 1 39 1 53 0 2
 17 105 0 32 1 32 1 8
 18 77 1 48 1 93 1 4
 19 88 1 38 1 62 1 5
 20 76 1 22 1 40 1 6
 21 77 1 72 0 33 0 1
 22 102 1 91 0 20 0 4
 23 66 1 51 0 96 1 5
 24 37 1 31 1 38 1 5
 25 117 1 65 0 32 1 3
 26 93 1 85 1 35 1 5
 27 114 0 50 0 56 1 2
 28 88 1 56 0 94 0 6
 29 97 1 87 0 38 1 3
 30 66 0 25 1 41 1 53
 65 2508905
 587 233 220
 30
 1 56 1 26 0 51 1 0
 2 42 0 38 1 46 1 5
 3 33 1 27 1 47 0 2
 4 103 1 51 0 71 0 6
 5 81 1 39 0 74 0 2
 6 51 1 39 1 56 1 3
 7 111 0 51 1 70 1 4
 8 72 1 74 1 79 1 1
 9 79 0 63 0 24 1 6
 10 75 1 22 1 35 0 3
 11 38 1 36 0 49 0 4
 12 49 0 40 1 82 1 4
 13 76 1 36 1 43 0 6
 14 67 1 59 0 95 1 5
 15 75 0 37 1 63 0 1
 16 98 0 92 1 40 1 5
 17 94 0 34 0 63 1 7
 18 62 0 33 0 40 1 3
 19 61 0 39 1 70 0 5
 20 51 1 44 1 61 1 4
 21 79 1 73 1 38 1 1
 22 93 0 43 1 46 0 6
 23 79 1 57 1 98 0 5
 24 95 1 70 0 34 1 4
 25 76 0 54 1 94 1 4
 26 68 1 54 0 91 1 3
 27 114 1 44 1 65 1 5
 28 75 0 61 1 92 1 5
 29 99 0 53 1 54 1 0
 30 59 0 51 0 58 1 25
 66 2509005
 587 233 220
 30
 1 85 1 33 0 44 1 10
 2 64 0 44 1 87 0 4
 3 69 1 46 1 87 0 3
 4 75 1 31 1 57 1 3
 5 80 0 64 1 86 1 2
 6 110 1 56 1 81 1 5
 7 74 1 54 0 82 0 5
 8 89 1 60 1 91 0 2
 9 40 0 42 0 46 1 4
 10 80 1 56 1 94 0 2
 11 66 1 55 1 97 0 3
 12 80 0 33 1 55 1 1
 13 75 1 60 0 88 1 4
 14 42 1 42 0 69 1 7
 15 61 0 51 1 71 0 2
 16 66 0 65 0 25 1 6
 17 95 1 27 0 42 1 3
 18 74 0 33 0 34 1 1
 19 100 1 75 1 123 1 3
 20 59 0 45 0 68 1 3
 21 69 1 55 0 81 0 3
 22 81 0 73 0 89 1 1
 23 96 1 64 1 24 0 4
 24 80 0 34 1 42 0 4
 25 88 1 44 0 42 0 4
 26 100 1 80 0 41 0 3
 27 109 0 28 1 34 0 5
 28 29 1 24 0 36 1 5
 29 101 0 62 1 117 1 0
 30 66 0 29 0 57 1 57
 67 2509105
 587 233 220
 30
 1 117 1 37 0 39 0 2
 2 92 0 36 0 42 1 4
 3 68 0 57 1 28 1 1
 4 47 0 36 0 69 1 6
 5 58 0 53 1 92 1 0
 6 85 1 42 1 69 1 3
 7 88 1 37 1 55 1 3
 8 112 1 35 1 46 1 1
 9 95 1 37 0 55 0 2
 10 88 0 62 0 26 1 5
 11 74 1 67 0 90 0 4
 12 110 0 52 1 65 1 4
 13 110 1 80 0 33 0 3
 14 96 1 29 1 35 1 6
 15 36 1 33 0 54 0 6
 16 77 0 35 0 42 1 2
 17 54 1 42 0 84 1 3
 18 117 1 80 0 28 0 3
 19 51 1 54 1 88 0 6
 20 63 0 26 1 31 0 1
 21 104 1 96 0 38 0 3
 22 108 0 84 0 42 1 7
 23 99 0 79 0 33 1 2
 24 73 0 37 0 68 1 8
 25 96 1 74 1 34 0 9
 26 71 0 71 1 77 0 2
 27 96 0 97 1 44 1 6
 28 90 1 33 1 60 1 3
 29 74 1 33 0 67 0 6
 30 65 0 46 0 80 1 20
 68 2509205
 587 233 220
 30
 1 46 1 36 0 58 1 1
 2 40 0 42 1 73 1 6
 3 48 1 49 0 66 0 0
 4 112 0 49 1 90 1 5
 5 92 1 30 1 40 1 5
 6 63 1 58 0 87 0 1
 7 90 0 56 0 101 1 2
 8 44 1 32 0 54 0 0
 9 75 0 60 1 99 0 0
 10 124 1 57 1 94 0 5
 11 30 1 25 1 49 1 3
 12 69 1 49 0 73 1 2
 13 123 1 66 1 33 0 4
 14 78 1 65 0 93 1 3
 15 104 0 48 0 70 1 3
 16 93 0 61 0 89 1 3
 17 76 0 48 1 22 0 5
 18 60 0 54 1 22 0 4
 19 85 1 60 0 27 1 4
 20 68 0 52 1 89 1 4
 21 100 1 54 1 22 1 3
 22 67 1 56 1 84 0 6
 23 96 0 46 1 86 1 4
 24 44 1 38 1 48 0 5
 25 58 0 58 1 23 1 6
 26 45 1 41 1 77 1 3
 27 87 1 68 0 91 0 5
 28 53 1 42 1 74 0 4
 29 39 0 28 1 42 0 4
 30 94 0 35 1 43 1 34
 69 2509305
 587 233 220
 30
 1 95 1 31 0 51 1 5
 2 122 1 40 0 68 1 4
 3 79 1 72 1 34 1 5
 4 77 0 77 1 34 1 7
 5 95 1 67 0 32 0 5
 6 102 1 27 1 33 1 0
 7 55 0 30 0 57 1 4
 8 71 1 60 1 76 1 2
 9 117 0 83 1 27 0 6
 10 84 1 30 1 29 0 6
 11 115 1 41 1 53 1 0
 12 88 0 85 0 23 1 6
 13 43 1 27 0 50 1 2
 14 58 1 39 0 63 1 7
 15 78 0 35 0 46 1 2
 16 61 1 46 0 66 0 4
 17 55 1 51 1 71 1 4
 18 107 1 78 1 25 0 1
 19 123 0 36 1 62 0 3
 20 74 1 66 0 74 1 5
 21 89 0 68 0 102 1 3
 22 93 1 82 0 36 0 4
 23 98 0 54 1 98 1 3
 24 79 0 33 1 39 1 2
 25 114 1 50 0 74 0 3
 26 82 1 69 1 90 1 4
 27 89 0 76 1 24 1 3
 28 114 1 36 1 47 1 3
 29 83 0 42 1 56 0 2
 30 109 0 38 1 69 0 18
 70 2509405
 587 233 220
 30
 1 57 0 28 1 33 1 0
 2 92 1 38 0 67 1 4
 3 92 1 85 0 30 1 3
 4 52 1 55 1 73 0 4
 5 116 0 95 1 47 0 2
 6 95 1 36 1 54 1 4
 7 106 1 37 0 60 0 2
 8 78 1 62 0 85 1 5
 9 75 0 42 1 85 1 3
 10 54 0 39 0 58 1 4
 11 69 0 61 0 87 1 4
 12 109 1 102 1 39 1 6
 13 61 1 57 1 66 0 7
 14 122 0 49 1 83 1 3
 15 64 0 38 1 69 1 6
 16 29 1 32 1 37 1 3
 17 59 1 56 0 84 1 2
 18 69 1 57 1 76 1 6
 19 89 1 40 0 68 1 2
 20 85 1 39 0 54 0 2
 21 110 1 42 0 46 1 3
 22 79 0 36 0 58 1 5
 23 101 0 61 0 100 1 3
 24 89 0 41 1 48 0 2
 25 63 1 38 1 74 0 3
 26 63 0 49 1 65 0 4
 27 65 0 42 0 88 1 4
 28 56 1 58 0 78 0 2
 29 55 0 50 0 61 1 4
 30 32 0 31 1 41 0 84
 71 2509505
 587 233 220
 30
 1 66 0 59 1 102 1 4
 2 110 0 36 0 42 1 9
 3 73 1 49 1 96 0 6
 4 113 1 36 1 51 0 4
 5 106 0 21 1 27 1 4
 6 66 1 54 0 72 1 5
 7 64 0 48 1 74 0 1
 8 103 0 31 1 48 0 2
 9 58 1 44 0 58 1 2
 10 108 1 34 1 47 0 1
 11 77 1 56 1 95 0 3
 12 53 1 33 1 55 0 4
 13 99 0 74 0 21 1 3
 14 85 1 36 1 60 1 1
 15 37 0 31 1 43 0 3
 16 88 1 75 0 93 0 6
 17 58 1 45 0 64 1 4
 18 99 0 43 1 65 0 3
 19 83 1 57 1 96 0 6
 20 90 0 35 1 62 1 4
 21 118 0 72 1 30 0 4
 22 82 1 72 0 26 1 5
 23 107 1 73 1 26 0 0
 24 78 1 45 1 21 1 4
 25 35 1 26 0 52 1 4
 26 63 0 22 1 34 1 2
 27 65 1 56 0 78 0 2
 28 62 1 44 1 76 0 5
 29 71 1 65 0 95 0 4
 30 69 1 29 0 44 0 54
 72 2509605
 587 233 220
 30
 1 94 0 66 1 92 0 4
 2 63 1 34 0 71 1 2
 3 73 0 53 1 104 0 2
 4 91 1 83 1 35 1 4
 5 92 1 33 0 63 0 3
 6 40 1 38 0 63 1 3
 7 60 1 35 0 64 1 2
 8 32 0 32 0 49 1 2
 9 103 1 42 0 75 1 4
 10 65 0 56 1 78 1 2
 11 31 1 28 0 34 1 3
 12 74 1 45 1 85 0 7
 13 85 1 39 0 58 1 5
 14 54 1 21 0 34 0 4
 15 110 0 66 0 33 1 4
 16 61 1 58 1 63 1 3
 17 66 0 46 1 73 0 7
 18 90 0 48 1 58 1 5
 19 114 1 54 1 53 0 4
 20 98 1 98 1 21 1 5
 21 73 0 30 1 31 1 3
 22 76 1 56 1 104 0 2
 23 126 1 78 1 26 1 5
 24 56 0 45 0 56 1 7
 25 93 0 91 0 41 1 4
 26 60 1 54 1 80 1 2
 27 74 1 47 1 22 0 2
 28 102 0 75 1 35 1 6
 29 80 1 64 0 86 0 1
 30 103 0 44 1 60 1 18
 73 2509705
 587 233 220
 30
 1 86 0 37 0 70 1 3
 2 103 0 96 1 33 0 2
 3 117 0 31 0 39 1 2
 4 76 1 57 1 73 0 1
 5 88 1 34 0 35 0 6
 6 80 1 63 1 102 1 4
 7 69 1 64 1 89 0 2
 8 66 1 53 1 74 1 4
 9 62 1 30 0 29 1 5
 10 48 1 38 1 60 0 8
 11 99 1 43 0 53 0 6
 12 110 1 60 1 26 0 4
 13 93 0 57 0 107 1 3
 14 83 1 69 1 116 0 3
 15 94 1 28 1 30 1 4
 16 118 1 34 1 49 0 5
 17 44 1 39 0 74 1 7
 18 62 1 56 1 85 1 3
 19 84 1 83 0 34 1 1
 20 106 0 43 1 78 1 6
 21 53 1 40 0 60 0 4
 22 74 0 50 1 19 1 5
 23 29 0 25 1 40 0 3
 24 39 0 27 1 47 1 5
 25 82 1 31 0 53 0 3
 26 50 1 27 1 55 0 3
 27 70 1 35 0 40 0 3
 28 70 1 58 1 79 0 4
 29 95 1 29 0 38 1 5
 30 81 1 69 1 95 0 13
 74 2509805
 587 233 220
 30
 1 83 0 69 1 84 1 2
 2 45 0 30 1 52 1 4
 3 93 1 36 1 54 0 3
 4 115 1 56 1 57 1 2
 5 75 0 78 1 39 0 3
 6 96 1 73 0 25 1 4
 7 65 1 56 0 78 0 3
 8 70 0 60 1 86 0 3
 9 121 0 92 1 47 0 0
 10 68 1 71 0 99 0 6
 11 67 1 63 1 72 0 4
 12 54 1 44 0 67 0 2
 13 118 0 55 1 75 0 2
 14 56 1 52 0 76 0 2
 15 73 0 66 1 23 0 2
 16 85 1 78 1 36 1 2
 17 77 1 71 1 32 1 3
 18 38 1 38 0 47 0 1
 19 57 1 37 0 71 1 3
 20 66 1 61 0 114 0 5
 21 89 1 36 0 46 1 5
 22 72 1 47 1 84 1 6
 23 39 1 26 0 45 0 6
 24 98 0 50 1 60 0 1
 25 81 1 66 1 107 1 2
 26 94 1 50 0 63 0 2
 27 67 0 58 0 103 1 5
 28 87 1 79 0 37 1 3
 29 107 0 44 1 82 0 0
 30 87 1 50 1 84 0 18
 75 2509905
 587 233 220
 30
 1 106 1 77 0 25 1 6
 2 94 1 73 0 28 1 5
 3 69 0 49 0 79 1 3
 4 91 1 35 1 37 1 4
 5 49 1 41 0 65 1 5
 6 43 0 36 1 50 0 1
 7 81 1 66 0 112 1 1
 8 87 1 30 0 45 0 5
 9 78 1 59 0 83 0 8
 10 75 0 39 1 74 1 5
 11 94 0 41 0 81 1 6
 12 80 1 63 1 84 0 4
 13 88 1 27 0 43 1 1
 14 41 1 29 1 47 0 5
 15 78 1 28 0 54 0 3
 16 59 1 54 0 21 0 1
 17 118 1 80 0 39 1 5
 18 80 1 40 0 75 1 8
 19 117 1 46 1 64 1 1
 20 113 1 32 0 43 0 2
 21 54 1 48 0 83 0 3
 22 76 1 73 0 122 1 3
 23 56 1 27 1 45 0 7
 24 83 1 33 0 50 1 4
 25 69 1 54 0 72 0 4
 26 67 1 34 1 44 0 0
 27 80 0 57 0 84 1 1
 28 96 0 98 1 34 1 2
 29 119 1 50 0 57 1 4
 30 95 1 80 1 21 1 29
 76 2510005
 587 233 220
 30
 1 78 1 29 1 43 0 1
 2 103 1 29 1 46 0 3
 3 57 1 33 1 59 0 3
 4 77 1 63 1 91 0 1
 5 60 1 26 1 46 1 4
 6 111 1 49 1 72 0 3
 7 76 1 68 0 91 1 4
 8 110 1 32 0 51 1 3
 9 68 1 50 1 83 1 6
 10 89 0 38 1 71 0 4
 11 107 1 35 1 34 0 5
 12 89 1 77 0 113 1 3
 13 51 0 42 0 55 1 5
 14 99 1 76 1 26 1 3
 15 73 1 66 0 31 0 6
 16 108 0 63 0 29 1 7
 17 85 0 66 0 116 1 6
 18 117 0 35 1 54 1 6
 19 99 1 90 1 22 1 3
 20 51 1 26 1 32 0 4
 21 64 0 59 0 81 1 1
 22 63 1 40 1 68 1 4
 23 66 0 56 0 29 1 1
 24 65 0 51 0 70 1 4
 25 45 0 31 0 58 1 2
 26 43 1 43 1 62 0 5
 27 78 0 37 1 55 1 2
 28 60 0 56 0 27 1 4
 29 101 0 71 1 33 1 5
 30 119 1 57 1 77 1 10
 77 2510105
 587 233 220
 30
 1 74 1 73 0 37 0 5
 2 83 1 25 0 47 0 7
 3 53 1 43 1 68 0 5
 4 77 0 33 1 59 0 2
 5 50 0 49 1 63 1 2
 6 80 0 37 1 67 1 2
 7 73 0 25 1 36 1 5
 8 71 1 39 1 79 1 6
 9 108 0 35 1 55 1 4
 10 94 1 92 0 46 1 14
 11 55 1 48 1 81 1 1
 12 34 0 26 1 53 0 5
 13 72 1 58 1 82 1 5
 14 75 0 52 1 77 0 5
 15 107 1 68 1 27 0 2
 16 78 1 55 1 79 1 2
 17 103 1 83 1 34 1 6
 18 69 1 27 0 33 1 7
 19 59 1 54 1 59 0 4
 20 83 1 77 1 38 0 2
 21 45 1 34 0 64 0 8
 22 70 0 65 0 100 1 7
 23 78 0 65 1 28 0 1
 24 50 1 34 1 53 0 3
 25 86 1 32 1 47 0 4
 26 84 0 37 1 38 1 6
 27 58 1 48 0 64 0 1
 28 120 1 74 1 35 1 2
 29 68 1 44 0 20 1 1
 30 77 0 27 0 34 1 56
 78 2510205
 587 233 220
 30
 1 100 0 43 1 70 1 5
 2 78 0 23 1 37 1 6
 3 83 1 77 0 26 1 3
 4 92 1 39 1 53 0 6
 5 39 0 42 1 53 1 5
 6 58 0 55 1 83 0 5
 7 95 0 73 1 36 1 2
 8 57 0 59 1 84 1 6
 9 51 1 39 0 71 0 3
 10 76 0 67 1 24 1 8
 11 66 0 55 0 73 1 4
 12 82 1 39 1 46 1 8
 13 80 1 46 1 87 1 0
 14 58 1 25 0 40 0 2
 15 66 1 66 0 79 0 5
 16 46 0 38 1 50 1 6
 17 93 1 62 1 94 1 4
 18 108 1 76 0 26 0 4
 19 118 1 78 1 37 1 5
 20 44 1 40 0 69 1 7
 21 69 1 68 1 27 0 5
 22 38 1 36 1 68 1 1
 23 81 1 74 1 30 1 7
 24 68 1 35 0 60 0 3
 25 101 1 37 1 44 0 5
 26 74 1 34 1 57 1 7
 27 57 1 46 1 80 0 2
 28 81 1 33 1 40 0 5
 29 35 0 32 0 55 1 4
 30 57 0 51 1 66 1 29
 79 2510305
 587 233 220
 30
 1 49 1 46 1 66 1 6
 2 82 1 23 0 24 1 1
 3 85 1 82 0 34 1 6
 4 83 1 36 1 66 0 8
 5 81 1 33 0 57 0 8
 6 110 0 97 1 21 1 6
 7 54 1 44 1 77 0 7
 8 78 1 28 0 43 0 5
 9 67 0 26 0 34 1 5
 10 33 0 34 0 50 1 7
 11 122 0 98 1 20 0 4
 12 118 1 48 1 66 0 4
 13 101 1 84 1 32 0 5
 14 99 1 45 1 76 1 2
 15 63 1 58 1 26 1 5
 16 110 0 23 1 27 1 11
 17 96 1 86 0 30 0 5
 18 64 0 47 0 83 1 4
 19 87 0 71 1 36 0 5
 20 53 1 48 1 62 0 5
 21 74 1 69 1 102 1 4
 22 64 1 58 0 75 0 4
 23 89 1 23 1 30 1 5
 24 95 0 42 1 62 0 3
 25 104 1 87 0 26 0 3
 26 118 1 33 0 40 0 9
 27 42 0 36 0 45 1 3
 28 53 0 50 1 53 0 9
 29 64 1 43 0 78 0 2
 30 62 0 59 1 33 1 25
 80 2510405
 587 233 220
 30
 1 59 0 53 1 77 1 2
 2 116 1 50 0 20 1 8
 3 66 1 55 0 101 0 6
 4 87 1 37 1 58 1 4
 5 114 1 55 1 57 1 5
 6 84 1 35 1 47 0 4
 7 105 0 55 1 78 1 1
 8 104 1 30 1 48 0 5
 9 91 0 84 1 22 1 1
 10 91 0 22 1 41 0 4
 11 93 0 36 0 37 1 4
 12 63 1 56 1 20 1 9
 13 121 1 38 0 46 0 3
 14 65 0 34 1 48 1 8
 15 59 1 42 1 65 0 4
 16 75 0 74 1 73 0 1
 17 77 1 62 1 101 0 5
 18 99 1 73 1 107 1 3
 19 58 0 48 0 65 1 8
 20 58 1 23 1 35 0 4
 21 52 0 53 1 80 0 2
 22 113 0 66 0 27 1 0
 23 97 1 31 1 31 1 2
 24 75 1 62 0 75 1 3
 25 70 0 63 0 81 1 1
 26 78 1 72 1 120 0 3
 27 36 1 33 1 58 0 3
 28 70 0 60 1 111 1 1
 29 56 0 51 0 75 1 3
 30 63 1 59 1 78 1 21
 81 2510505
 587 233 220
 30
 1 106 0 56 0 61 1 1
 2 77 1 75 0 76 0 3
 3 116 0 48 0 78 1 3
 4 95 1 40 0 69 0 2
 5 98 0 31 0 57 1 3
 6 58 1 49 0 67 1 2
 7 74 0 62 0 82 1 2
 8 78 0 70 1 123 0 3
 9 76 1 38 1 54 0 5
 10 53 1 47 0 56 1 4
 11 57 1 52 0 60 1 6
 12 79 0 73 1 36 1 2
 13 61 0 40 1 73 0 2
 14 102 1 78 0 31 1 5
 15 108 1 51 1 96 1 2
 16 47 1 46 0 56 0 4
 17 71 0 27 1 29 1 0
 18 64 0 51 0 71 1 5
 19 119 0 95 1 26 0 4
 20 97 0 43 0 66 1 5
 21 95 1 81 0 34 1 1
 22 56 0 51 1 58 0 1
 23 105 0 31 0 40 1 4
 24 57 1 43 0 63 1 5
 25 64 0 59 0 111 1 4
 26 109 1 46 0 50 1 2
 27 98 1 72 0 29 0 3
 28 73 0 68 1 32 1 6
 29 87 1 72 0 93 0 6
 30 86 0 35 0 50 1 28
 82 2510605
 587 233 220
 30
 1 54 1 48 1 65 1 2
 2 113 1 75 1 27 1 6
 3 114 1 34 0 37 1 5
 4 73 1 53 1 20 0 1
 5 67 1 66 0 91 0 3
 6 64 0 33 1 32 1 6
 7 71 1 22 0 34 0 2
 8 57 1 48 1 87 1 5
 9 106 0 55 1 63 0 3
 10 122 1 56 0 26 1 3
 11 73 0 35 1 69 0 6
 12 115 1 53 1 86 0 1
 13 54 0 21 0 34 1 6
 14 71 0 67 1 87 0 3
 15 63 0 46 1 96 1 3
 16 100 0 97 0 41 1 3
 17 69 1 32 0 58 0 5
 18 91 0 40 1 62 0 4
 19 64 0 51 1 90 1 2
 20 70 0 65 0 77 1 2
 21 92 1 42 0 76 1 6
 22 85 1 58 0 21 1 3
 23 117 0 32 1 53 0 5
 24 62 0 44 1 79 1 3
 25 58 1 50 0 79 0 6
 26 94 0 77 0 108 1 3
 27 113 0 93 1 35 1 4
 28 54 1 41 0 72 0 1
 29 98 1 65 1 23 1 4
 30 105 1 48 1 70 1 15
 83 2510705
 587 233 220
 30
 1 69 1 48 0 82 1 9
 2 60 1 53 1 79 0 5
 3 91 1 42 0 59 0 2
 4 43 1 33 1 64 1 4
 5 70 0 48 1 83 1 3
 6 78 1 55 0 92 0 5
 7 95 1 84 0 24 1 4
 8 69 1 29 1 43 1 4
 9 70 1 49 1 69 0 5
 10 65 1 56 0 84 0 2
 11 103 0 99 0 24 1 1
 12 72 1 52 1 93 0 7
 13 70 0 38 1 73 0 0
 14 50 1 45 1 58 0 4
 15 95 0 43 1 69 0 2
 16 72 1 71 0 26 0 4
 17 57 1 21 0 36 0 4
 18 54 1 45 0 88 1 5
 19 54 1 40 0 77 1 4
 20 77 1 30 0 61 0 4
 21 68 1 63 1 100 1 2
 22 46 1 33 1 55 0 7
 23 35 0 32 1 60 1 4
 24 69 1 27 1 50 1 6
 25 40 0 38 0 45 1 2
 26 70 0 55 1 108 1 4
 27 110 1 54 1 81 0 6
 28 82 1 74 1 102 1 3
 29 102 1 36 0 35 0 5
 30 118 0 41 0 41 1 18
 84 2510805
 587 233 220
 30
 1 110 0 40 1 75 0 7
 2 78 0 75 0 101 1 2
 3 76 1 51 0 79 0 2
 4 104 1 92 0 41 0 7
 5 76 0 72 0 22 1 5
 6 94 1 68 1 21 0 3
 7 86 1 52 0 26 0 3
 8 87 0 28 0 48 1 6
 9 35 1 23 0 35 0 6
 10 69 1 29 1 53 1 5
 11 39 1 39 1 69 0 9
 12 83 1 23 1 33 1 3
 13 87 1 32 1 51 1 4
 14 121 0 90 0 37 1 3
 15 54 1 39 1 62 0 4
 16 45 1 38 0 72 1 6
 17 51 0 42 0 51 1 3
 18 59 0 50 1 83 1 10
 19 118 0 78 0 35 1 4
 20 83 0 41 0 52 1 2
 21 114 0 26 1 43 1 4
 22 64 0 58 1 72 1 7
 23 68 0 34 1 46 1 5
 24 91 1 65 1 20 1 5
 25 92 1 24 0 34 0 6
 26 104 1 25 0 38 0 3
 27 72 1 68 0 109 0 3
 28 89 0 66 1 32 1 2
 29 113 1 48 0 83 1 4
 30 73 1 37 0 43 1 33
 85 2510905
 587 233 220
 30
 1 57 1 22 0 36 0 4
 2 70 1 31 1 56 1 4
 3 56 1 35 1 63 0 4
 4 73 0 73 1 21 1 4
 5 66 1 63 0 76 1 3
 6 39 1 31 1 44 0 4
 7 109 0 99 1 26 0 7
 8 76 1 63 0 106 0 7
 9 100 1 91 0 39 1 6
 10 82 1 65 1 108 1 2
 11 57 1 47 0 57 1 6
 12 109 1 40 0 43 1 3
 13 66 1 67 1 98 1 2
 14 81 1 70 1 23 1 4
 15 102 1 31 1 35 1 5
 16 94 0 62 0 104 1 1
 17 44 0 45 1 78 1 3
 18 35 0 31 1 42 1 5
 19 66 1 53 0 82 1 7
 20 95 0 73 1 99 1 3
 21 121 0 59 1 24 1 2
 22 98 1 41 0 56 0 1
 23 83 1 34 0 55 0 4
 24 73 0 56 1 74 0 4
 25 95 1 55 1 22 1 4
 26 85 0 58 1 100 0 3
 27 98 1 31 1 59 1 2
 28 97 0 33 0 48 1 6
 29 50 1 34 1 59 0 3
 30 47 0 33 0 56 1 43
 86 2511005
 587 233 220
 30
 1 88 1 27 0 32 0 4
 2 72 1 60 1 97 0 5
 3 60 1 38 1 74 0 6
 4 56 1 47 0 63 0 4
 5 80 1 37 1 54 0 4
 6 102 1 45 0 65 0 2
 7 72 1 28 1 33 0 6
 8 88 1 39 1 59 0 2
 9 55 1 56 1 85 0 5
 10 89 0 77 1 34 0 5
 11 78 1 77 0 110 1 4
 12 56 0 53 1 55 1 4
 13 118 0 24 0 27 1 5
 14 50 1 40 1 74 1 3
 15 104 0 58 1 29 1 2
 16 65 1 43 0 68 1 9
 17 48 1 40 1 53 1 2
 18 76 1 75 1 37 0 5
 19 94 1 30 1 58 0 5
 20 100 0 85 1 38 0 4
 21 92 1 64 0 31 1 6
 22 50 1 47 1 71 0 5
 23 63 1 26 0 34 1 4
 24 69 0 54 1 24 0 3
 25 77 0 77 1 105 1 5
 26 94 0 58 0 28 1 2
 27 97 1 46 1 53 1 4
 28 93 0 72 0 28 1 2
 29 100 1 44 1 71 0 0
 30 82 1 70 0 26 0 32
 87 2511105
 587 233 220
 30
 1 120 1 28 0 35 0 5
 2 68 0 48 1 87 0 3
 3 79 1 79 0 102 0 2
 4 110 0 33 1 41 0 5
 5 75 1 49 1 81 0 0
 6 73 1 61 1 31 0 5
 7 36 0 33 0 41 1 4
 8 56 0 25 1 42 1 5
 9 77 1 68 0 107 1 6
 10 99 1 45 0 66 1 6
 11 96 0 85 1 28 0 5
 12 72 1 68 0 80 0 4
 13 41 1 40 1 65 0 3
 14 93 0 60 1 106 0 3
 15 95 0 85 0 25 1 1
 16 36 1 30 0 44 1 3
 17 73 1 32 0 54 0 4
 18 117 0 34 1 49 0 4
 19 118 0 50 1 70 1 5
 20 64 0 59 1 106 0 4
 21 46 1 39 0 48 0 8
 22 79 1 33 1 50 0 5
 23 70 1 35 0 36 0 2
 24 71 0 37 1 55 0 6
 25 67 0 60 1 72 0 6
 26 85 1 59 1 28 1 3
 27 87 0 68 0 33 1 6
 28 34 0 30 1 56 0 4
 29 66 0 57 1 25 1 0
 30 81 0 51 0 100 1 10
 88 2511205
 587 233 220
 30
 1 100 0 39 1 57 0 5
 2 93 0 35 1 65 1 1
 3 96 0 83 1 38 1 2
 4 88 0 81 1 25 1 2
 5 83 0 39 1 53 0 4
 6 55 0 48 1 76 1 6
 7 92 1 33 1 51 1 5
 8 76 0 28 1 43 1 4
 9 73 1 59 1 28 0 6
 10 97 1 26 1 38 0 5
 11 43 1 40 1 53 1 1
 12 120 1 79 1 28 0 7
 13 61 1 52 0 96 1 7
 14 63 0 46 1 77 0 5
 15 60 1 59 0 21 0 4
 16 94 0 78 0 92 1 4
 17 119 1 40 1 60 0 1
 18 100 0 67 1 28 0 2
 19 76 0 43 1 82 0 5
 20 112 1 51 1 23 1 4
 21 78 1 34 1 45 1 6
 22 111 1 49 0 61 1 6
 23 77 1 36 1 46 0 4
 24 95 0 74 1 28 0 5
 25 52 1 35 0 56 0 6
 26 86 1 79 1 36 1 2
 27 103 1 89 1 27 1 5
 28 114 1 44 1 50 0 9
 29 38 1 34 1 62 1 4
 30 101 1 90 0 22 1 18
 89 2511305
 587 233 220
 30
 1 94 1 96 0 46 0 3
 2 63 1 38 0 67 0 2
 3 60 1 61 0 103 0 4
 4 65 1 52 0 71 0 2
 5 115 0 88 1 27 1 6
 6 92 1 75 0 113 0 7
 7 53 0 36 1 58 1 3
 8 77 1 62 1 94 1 6
 9 46 0 42 0 45 1 3
 10 70 1 34 0 72 1 2
 11 118 1 59 0 64 0 0
 12 54 1 45 0 89 0 4
 13 70 1 57 0 76 0 1
 14 37 0 32 1 44 0 0
 15 96 1 43 1 75 1 3
 16 66 1 60 0 63 1 2
 17 72 1 60 0 108 0 2
 18 108 0 69 0 21 1 7
 19 54 1 21 0 35 0 3
 20 119 0 34 1 47 0 2
 21 76 0 34 1 49 1 0
 22 61 0 28 1 45 0 5
 23 94 1 37 1 57 0 4
 24 82 1 60 1 79 0 3
 25 92 1 42 0 44 1 1
 26 65 1 50 0 76 0 3
 27 78 1 48 1 85 1 3
 28 70 1 50 1 77 1 2
 29 79 1 48 1 76 1 3
 30 86 0 55 1 108 0 9
 90 2511405
 587 233 220
 30
 1 96 0 33 1 52 1 3
 2 80 0 60 0 83 1 3
 3 118 0 44 0 80 1 1
 4 109 1 44 0 54 1 4
 5 93 1 67 1 116 0 1
 6 81 1 30 0 42 0 5
 7 108 0 36 0 66 1 8
 8 117 1 57 1 82 0 4
 9 101 0 60 1 32 0 1
 10 44 0 37 1 41 1 2
 11 78 0 77 0 92 1 6
 12 84 0 63 1 25 1 4
 13 95 1 85 0 29 1 1
 14 89 1 79 1 104 0 2
 15 108 0 54 1 73 1 4
 16 39 1 33 0 47 0 3
 17 101 1 39 1 64 0 6
 18 58 0 41 1 79 1 5
 19 64 1 58 0 111 0 1
 20 91 0 66 1 36 0 2
 21 55 0 57 0 65 1 3
 22 90 0 44 0 52 1 4
 23 96 1 38 1 67 1 4
 24 80 0 34 0 65 1 3
 25 32 1 32 1 51 0 1
 26 98 1 40 1 77 1 0
 27 75 0 69 0 81 1 4
 28 61 1 27 1 46 0 5
 29 64 1 51 0 87 1 2
 30 84 0 27 1 31 1 68
 91 2511505
 587 233 220
 30
 1 62 0 57 1 82 0 2
 2 38 1 33 0 58 0 2
 3 35 0 28 1 40 0 1
 4 83 0 26 0 32 1 5
 5 101 1 99 1 41 0 3
 6 51 1 46 1 65 1 2
 7 69 1 41 0 75 1 4
 8 42 0 25 0 47 1 4
 9 75 0 62 0 96 1 0
 10 78 1 53 0 100 1 4
 11 100 1 65 0 32 1 0
 12 115 0 80 0 37 1 2
 13 100 1 49 1 54 1 2
 14 61 0 59 1 69 1 3
 15 94 1 65 0 94 0 8
 16 90 1 88 1 35 0 7
 17 72 0 65 1 90 0 2
 18 93 0 73 1 97 1 1
 19 98 1 81 1 36 0 3
 20 74 1 29 1 40 0 6
 21 94 1 39 1 66 1 4
 22 40 0 19 1 35 1 5
 23 111 1 40 0 74 1 2
 24 65 0 47 1 81 1 2
 25 98 1 94 1 20 0 4
 26 67 0 68 1 75 0 5
 27 71 0 69 1 25 0 2
 28 107 1 47 1 69 1 3
 29 97 1 79 1 94 0 2
 30 61 1 44 0 76 1 29
 92 2511605
 587 233 220
 30
 1 82 0 65 1 101 1 2
 2 62 1 60 1 75 0 3
 3 86 0 43 0 60 1 7
 4 67 1 55 0 86 1 3
 5 95 1 82 1 99 0 5
 6 116 1 58 1 27 1 4
 7 87 0 37 1 39 0 2
 8 66 1 26 0 43 1 6
 9 121 0 80 1 30 0 3
 10 59 1 45 1 62 1 3
 11 39 1 38 1 50 1 6
 12 46 0 35 1 55 1 2
 13 87 1 61 1 114 0 4
 14 36 0 35 0 51 1 1
 15 66 0 57 1 73 1 3
 16 60 1 58 0 21 0 2
 17 81 1 73 0 36 0 8
 18 63 1 49 0 61 1 7
 19 53 1 46 1 77 0 6
 20 52 0 48 0 56 1 1
 21 74 0 53 1 22 0 4
 22 45 0 41 0 69 1 3
 23 117 1 20 1 38 1 7
 24 86 0 30 1 38 0 3
 25 71 1 63 1 81 0 4
 26 44 1 40 1 69 0 4
 27 58 0 47 0 64 1 6
 28 73 0 67 1 74 0 5
 29 101 0 64 1 27 0 3
 30 75 0 32 1 61 1 25
 93 2511705
 587 233 220
 30
 1 81 1 38 1 68 1 4
 2 91 1 58 1 112 1 5
 3 65 1 51 1 21 0 3
 4 123 1 48 0 75 1 3
 5 81 1 59 1 102 0 4
 6 74 1 50 0 92 0 2
 7 94 1 91 0 42 0 2
 8 75 1 60 1 85 1 3
 9 69 1 46 0 77 0 4
 10 77 0 68 0 123 1 3
 11 62 1 63 0 100 1 4
 12 60 1 53 1 83 1 5
 13 82 0 36 1 49 0 4
 14 90 1 84 0 35 0 4
 15 62 1 54 0 89 1 3
 16 116 1 34 0 64 1 1
 17 77 1 65 1 76 0 2
 18 96 1 33 1 59 1 3
 19 111 1 50 1 82 1 1
 20 52 1 42 0 74 1 2
 21 76 0 64 1 80 1 3
 22 108 1 38 1 77 0 1
 23 35 0 29 1 41 1 2
 24 83 0 73 1 93 0 2
 25 71 1 63 1 122 0 1
 26 80 1 60 0 83 0 2
 27 65 0 43 1 67 0 3
 28 78 1 28 1 35 1 1
 29 113 0 34 1 38 0 1
 30 65 1 65 0 74 1 15
 94 2511805
 587 233 220
 30
 1 74 0 71 1 79 1 9
 2 54 1 39 0 64 1 4
 3 52 1 41 1 63 0 3
 4 91 1 27 0 52 0 5
 5 76 1 29 0 32 1 5
 6 79 1 58 1 87 0 6
 7 47 1 28 0 56 1 5
 8 81 1 58 0 107 0 3
 9 51 0 45 1 61 1 5
 10 79 1 51 0 85 0 5
 11 79 1 75 0 21 1 3
 12 73 0 65 1 113 1 5
 13 88 1 36 1 55 0 7
 14 59 0 57 1 22 1 3
 15 51 1 32 0 54 1 5
 16 86 0 52 1 83 1 3
 17 80 0 75 1 30 0 3
 18 52 1 40 0 79 0 5
 19 86 1 27 0 34 1 2
 20 97 1 38 0 62 0 3
 21 81 1 39 0 47 1 1
 22 42 0 36 1 51 0 3
 23 42 0 42 1 42 1 4
 24 87 1 43 0 76 1 2
 25 59 0 51 1 78 1 8
 26 59 0 48 1 55 1 7
 27 57 1 22 1 35 1 5
 28 91 0 45 1 89 0 3
 29 79 0 34 1 51 0 2
 30 84 1 38 0 62 1 18
 95 2511905
 587 233 220
 30
 1 96 0 66 1 21 0 3
 2 103 1 57 1 63 0 6
 3 78 1 35 1 59 1 3
 4 69 0 34 0 59 1 5
 5 73 1 63 1 33 1 4
 6 32 0 32 1 40 1 3
 7 106 1 38 0 48 0 4
 8 97 1 36 0 39 1 3
 9 100 1 76 1 39 1 2
 10 79 1 54 0 23 1 2
 11 102 1 36 1 49 1 7
 12 79 1 58 0 22 1 4
 13 54 1 45 0 69 0 4
 14 123 0 66 0 30 1 2
 15 96 1 48 1 86 0 6
 16 57 1 41 1 60 0 4
 17 64 0 59 0 86 1 5
 18 53 0 44 0 79 1 6
 19 61 1 51 0 65 0 4
 20 67 1 57 1 84 0 4
 21 90 0 70 0 28 1 3
 22 81 1 67 1 34 1 6
 23 47 1 38 1 53 0 2
 24 77 1 54 1 88 0 5
 25 45 0 41 1 49 1 2
 26 55 1 20 1 26 0 3
 27 95 1 43 1 55 0 5
 28 68 1 63 1 99 1 5
 29 47 1 45 1 65 1 5
 30 66 1 56 1 102 1 13
 96 2512005
 587 233 220
 30
 1 67 0 27 0 42 1 8
 2 58 0 52 1 88 0 1
 3 91 0 81 0 21 1 6
 4 94 0 35 0 49 1 0
 5 50 1 36 1 57 1 4
 6 93 0 45 1 65 0 4
 7 47 0 47 0 74 1 1
 8 59 1 25 1 44 1 1
 9 63 0 26 1 35 0 4
 10 118 0 55 1 92 1 4
 11 115 0 41 1 51 0 5
 12 99 0 85 0 38 1 5
 13 76 1 67 1 81 1 5
 14 78 0 56 1 88 1 2
 15 53 1 43 1 85 0 2
 16 117 0 23 1 31 0 3
 17 89 1 60 1 25 1 3
 18 95 1 32 1 39 1 4
 19 110 0 91 1 40 0 3
 20 75 1 65 1 23 0 3
 21 100 0 72 1 103 1 5
 22 122 1 34 1 35 1 3
 23 60 0 41 1 64 0 7
 24 88 1 38 1 46 1 9
 25 102 0 28 1 36 1 2
 26 52 1 47 1 79 1 3
 27 62 1 49 0 93 0 3
 28 120 1 27 1 28 0 2
 29 80 1 54 1 90 0 4
 30 109 1 40 0 50 0 24
 97 2512105
 587 233 220
 30
 1 71 1 31 0 61 1 5
 2 97 1 41 1 53 1 5
 3 94 0 42 1 71 1 3
 4 99 0 70 1 29 1 3
 5 37 1 25 0 45 1 3
 6 69 0 61 0 25 1 3
 7 50 0 36 1 53 0 3
 8 70 0 58 1 79 0 3
 9 119 0 54 1 90 0 8
 10 101 0 82 1 25 0 3
 11 69 1 60 1 83 1 4
 12 115 0 31 0 55 1 3
 13 101 0 23 0 40 1 3
 14 52 1 41 1 54 1 6
 15 87 0 39 0 63 1 4
 16 78 0 74 1 85 1 5
 17 55 1 49 1 97 1 3
 18 75 1 72 0 35 1 0
 19 79 1 45 1 87 1 1
 20 46 0 44 1 84 0 4
 21 54 1 58 1 100 1 4
 22 63 0 64 1 31 1 6
 23 67 1 40 1 74 1 4
 24 97 1 82 0 99 0 4
 25 78 1 62 1 25 0 1
 26 45 1 25 0 48 1 5
 27 80 0 42 1 22 1 2
 28 85 1 36 1 45 1 9
 29 67 1 66 1 29 0 2
 30 74 0 36 1 44 0 34
 98 2512205
 587 233 220
 30
 1 110 1 37 0 57 1 5
 2 52 1 48 0 66 0 6
 3 62 1 57 1 104 0 8
 4 63 0 50 1 71 0 7
 5 41 0 37 1 64 0 4
 6 51 1 38 0 76 1 1
 7 62 0 54 1 86 1 3
 8 83 0 58 0 94 1 4
 9 73 1 66 0 80 1 5
 10 48 0 30 0 57 1 7
 11 78 1 61 1 25 0 6
 12 59 1 43 1 69 1 4
 13 106 1 38 1 76 1 4
 14 113 1 27 0 26 1 2
 15 40 1 37 0 50 1 3
 16 53 0 51 0 58 1 3
 17 44 1 22 0 24 1 3
 18 114 1 28 1 46 0 1
 19 53 1 53 1 77 0 6
 20 87 1 68 0 32 0 1
 21 106 1 91 0 37 1 3
 22 95 0 27 1 29 1 2
 23 74 1 43 0 77 1 5
 24 85 1 52 1 90 0 2
 25 92 0 70 1 116 1 5
 26 90 1 40 0 61 1 2
 27 40 0 37 1 69 0 3
 28 51 1 44 1 63 0 5
 29 74 0 33 1 40 0 4
 30 44 1 38 0 52 1 42
 99 2512305
 587 233 220
 30
 1 47 1 44 0 51 1 4
 2 91 0 46 0 90 1 5
 3 113 0 24 0 38 1 8
 4 39 0 34 1 53 0 4
 5 112 1 40 0 44 0 3
 6 90 1 73 1 107 0 3
 7 53 1 53 1 73 1 6
 8 113 0 94 1 40 1 4
 9 64 1 47 0 22 0 5
 10 105 0 32 0 39 1 8
 11 103 0 32 1 39 1 1
 12 88 1 55 1 27 0 5
 13 37 0 34 1 57 0 3
 14 76 1 72 0 81 0 4
 15 114 1 90 0 32 1 7
 16 109 0 30 1 44 1 3
 17 35 1 28 0 50 0 5
 18 96 1 64 1 24 1 7
 19 112 1 31 1 34 0 5
 20 90 0 94 1 30 0 3
 21 112 0 42 0 77 1 4
 22 55 1 26 0 41 1 2
 23 89 1 26 0 44 0 4
 24 97 1 66 1 22 0 6
 25 77 1 59 1 74 0 7
 26 62 0 32 0 36 1 2
 27 54 1 31 0 60 1 3
 28 110 1 51 1 26 0 4
 29 79 1 58 1 84 0 4
 30 76 0 33 0 63 1 24
 100 2512405
 587 233 220
 30
 1 51 1 46 1 77 0 1
 2 46 1 45 1 47 0 0
 3 95 0 37 1 45 1 2
 4 96 1 91 0 31 0 5
 5 105 1 46 0 77 1 5
 6 76 0 27 0 38 1 2
 7 81 0 56 1 103 0 7
 8 39 0 24 1 45 0 4
 9 101 1 38 0 48 0 4
 10 62 0 45 0 77 1 1
 11 100 0 43 0 56 1 2
 12 118 0 43 1 65 0 2
 13 68 0 52 0 70 1 7
 14 50 1 45 1 61 1 7
 15 88 0 28 0 51 1 4
 16 79 0 80 0 29 1 5
 17 117 0 81 1 36 0 2
 18 80 1 64 0 107 0 2
 19 71 1 61 0 82 1 4
 20 70 1 56 0 100 1 6
 21 75 0 62 1 31 1 0
 22 75 1 21 1 26 0 4
 23 98 1 35 0 42 1 1
 24 96 1 49 1 59 0 5
 25 45 1 37 0 63 0 4
 26 63 0 31 1 38 1 3
 27 115 1 43 0 76 1 5
 28 57 1 43 0 72 1 3
 29 92 0 49 0 68 1 4
 30 78 0 28 1 51 1 45
